100
87 12
78 41
39 19
9 68
20 98
78 23
45 23
60 30
59 78
67 79
81 19
9 48
43 2
36 16
69 20
87 10
35 19
7 0
0 34
9 45
57 89
36 94
80 40
38 82
92 1
78 48
5 20
65 34
48 81
21 1
16 8
77 15
42 11
52 15
94 20
75 44
56 14
70 65
52 19
62 0
47 97
43 96
54 28
59 68
26 55
26 83
28 23
21 40
69 31
29 57
63 15
53 2
77 12
15 86
46 51
5 73
12 34
52 99
67 35
59 61
42 20
75 84
59 84
87 63
96 4
27 85
45 22
57 94
50 5
93 91
93 21
97 41
87 91
93 43
72 86
29 74
61 31
93 12
3 23
83 89
18 95
80 62
6 46
7 24
6 39
42 65
43 27
65 41
5 46
72 28
18 88
88 90
80 33
27 86
77 84
36 87
66 31
99 26
49 10
48 51
8 58
9 35
40 74
63 17
13 21
92 31
91 19
30 23
75 85
56 4
36 88
40 83
69 88
76 89
45 83
72 33
54 3
7 5
21 96
93 31
90 57
88 10
30 89
53 14
81 34
40 17
64 34
79 63
85 15
52 73
32 37
18 79
0 32
51 8
29 12
79 37
21 8
52 63
38 31
5 57
21 26
0 58
4 37
3 37
77 2
17 58
96 99
94 34
43 90
62 75
78 17
65 98
11 22
23 19
71 41
97 39
97 31
7 23
42 3
70 83
85 34
28 30
44 43
82 90
33 15
4 58
9 41
95 49
3 86
63 6
97 74
3 12
29 14
43 33
87 31
95 77
35 17
79 26
36 60
65 24
59 20
61 77
29 8
13 12
80 24
9 43
76 57
13 75
65 60
72 63
47 89
67 82
75 69
12 83
61 54
52 40
5 86
87 6
14 31
96 28
55 32
91 51
73 32
63 94
96 25
93 76
70 29
65 39
43 41
45 29
54 51
7 48
74 86
66 98
87 48
21 53
78 46
47 64
10 90
53 99
64 84
63 57
23 81
99 6
93 83
92 87
62 97
92 21
52 46
33 99
9 31
92 88
11 34
64 98
72 23
85 84
84 2
14 51
66 89
43 7
56 82
47 0
18 10
89 84
85 51
66 73
96 32
47 76
69 86
79 27
35 63
59 98
65 12
60 76
36 83
95 51
84 81
29 87
18 40
10 37
5 25
93 97
79 86
41 89
82 6
92 40
18 29
93 1
59 90
29 43
61 15
38 43
18 6
63 31
72 5
26 1
62 71
8 30
43 19
85 1
36 19
53 30
91 41
93 52
29 26
68 31
10 39
61 6
27 46
88 26
92 75
79 6
78 99
93 25
45 16
23 34
54 40
70 20
59 76
53 0
93 78
69 4
96 49
71 84
97 52
95 84
46 1
16 31
80 70
42 78
55 2
66 55
87 15
8 81
7 76
3 2
62 39
53 91
71 23
70 26
18 33
73 0
9 24
92 19
48 58
77 4
78 68
90 83
18 94
69 78
16 2
59 16
33 11
48 22
6 86
93 5
18 45
59 83
35 74
36 28
9 4
70 1
6 94
82 48
18 51
57 84
5 94
35 23
85 46
13 77
9 21
43 85
23 25
70 45
42 36
45 95
88 12
28 15
54 64
69 12
69 25
13 81
47 15
42 25
61 88
3 40
14 94
7 51
42 58
7 12
24 86
88 63
3 90
72 94
1 57
79 81
54 31
50 56
85 20
65 31
64 85
52 32
49 87
56 64
54 57
73 41
18 78
70 25
68 2
88 86
91 8
55 23
75 2
66 86
5 12
65 61
99 32
56 89
63 48
65 96
33 88
75 51
92 46
28 6
67 19
96 56
77 25
14 10
71 90
59 12
49 28
74 57
43 11
70 76
93 49
3 94
78 16
1 25
16 23
95 33
21 41
63 34
75 65
70 35
46 90
63 32
62 43
7 82
13 88
97 67
14 55
82 41
61 11
69 54
13 46
50 6
89 81
29 82
14 32
69 8
86 57
74 11
97 57
16 98
79 8
77 53
0 51
96 10
52 31
39 51
61 83
97 6
36 34
45 61
82 57
49 32
63 19
17 37
1 23
29 68
28 32
72 48
9 14
96 20
80 44
6 1
47 83
9 52
27 37
59 4
27 58
17 8
75 21
88 6
28 25
37 31
68 41
13 74
13 87
72 0
47 53
18 27
60 31
67 2
90 48
6 73
87 76
44 40
59 35
7 73
35 48
39 57
42 66
29 16
64 17
97 85
52 16
54 7
96 86
54 2
