1000
554 828
492 79
833 489
932 924
327 709
977 708
761 887
352 214
133 104
286 269
621 707
428 506
81 446
503 305
439 367
502 208
11 750
704 137
306 639
853 183
820 505
888 892
994 124
59 130
293 113
781 152
543 43
67 219
589 210
795 676
949 193
712 632
733 613
570 35
273 366
92 106
317 747
761 469
502 752
443 2
643 800
438 13
702 83
262 406
70 396
844 250
717 404
864 411
8 99
509 979
23 916
983 727
839 4
840 298
476 370
583 598
99 100
350 814
712 119
31 50
10 811
668 615
591 776
29 594
678 81
635 376
671 56
59 498
585 102
897 668
5 408
655 827
976 41
523 753
335 603
332 162
29 216
723 248
441 414
13 930
809 886
627 646
434 158
926 709
593 879
607 185
423 878
527 963
763 697
320 61
161 718
688 486
940 114
305 727
599 921
92 499
663 700
317 733
866 664
836 475
363 137
578 207
129 885
266 225
562 859
685 843
987 200
509 694
545 159
186 619
291 312
179 752
248 884
590 120
795 253
306 983
600 704
982 137
78 604
809 138
110 229
92 425
967 362
732 777
700 620
779 543
258 44
775 372
341 213
443 79
106 533
340 262
678 546
555 532
444 441
333 124
972 207
112 494
856 973
605 158
218 857
806 805
910 675
855 499
94 847
474 765
128 60
319 813
255 401
520 390
960 170
926 21
555 121
253 801
532 787
489 74
504 289
780 718
125 58
973 249
284 36
650 2
756 737
881 707
267 543
382 934
41 815
485 596
750 494
12 334
949 782
449 91
738 200
519 709
449 647
310 907
743 766
295 637
638 787
53 203
624 290
474 822
272 385
151 41
599 758
116 314
893 478
821 494
502 946
969 362
458 781
425 177
326 155
641 132
943 467
405 487
699 316
477 26
197 786
527 264
572 349
397 177
807 30
150 578
919 715
189 677
219 790
798 886
217 825
855 458
667 81
893 164
772 632
810 15
400 991
216 944
462 266
780 531
22 68
187 814
444 694
306 569
978 58
42 209
723 787
988 882
96 454
725 211
861 131
423 343
507 587
589 273
771 606
253 172
561 23
608 534
582 915
566 828
125 441
17 425
428 849
460 993
917 494
125 886
361 176
242 580
838 783
728 590
387 363
384 343
977 820
704 527
229 6
626 712
504 953
840 809
475 103
772 47
612 566
847 6
586 218
544 785
855 795
42 440
53 998
299 376
659 119
109 795
164 707
71 348
691 48
514 269
770 148
432 860
863 79
357 60
716 372
194 123
718 816
554 870
21 835
987 589
667 311
135 359
227 412
755 368
260 185
35 603
29 263
941 139
267 195
29 325
432 628
771 443
339 991
142 355
768 394
340 852
345 825
744 789
64 846
182 77
920 312
706 35
248 860
969 729
800 880
622 279
703 480
84 362
644 652
548 211
395 263
810 489
423 839
293 737
762 810
826 645
409 808
866 402
592 25
960 509
967 221
85 349
829 281
797 407
520 191
171 908
845 95
594 6
763 144
612 191
409 176
542 959
906 408
836 689
93 843
244 449
850 490
147 289
662 111
561 469
938 192
99 668
515 977
92 736
488 632
65 503
761 898
21 939
177 455
49 990
305 304
600 177
215 988
840 793
683 573
9 665
539 884
901 274
844 392
233 348
978 351
976 492
341 219
995 643
773 726
729 829
537 914
868 579
662 819
896 294
352 13
510 692
894 169
932 187
66 946
608 414
462 603
673 455
412 341
528 660
303 925
80 198
215 25
850 778
364 284
555 337
537 533
328 495
64 359
564 922
619 656
8 669
583 140
278 980
627 361
341 345
974 939
808 992
913 645
831 319
831 212
193 691
34 228
776 153
479 232
325 193
913 669
926 973
315 6
295 881
427 529
252 487
149 388
797 418
638 231
861 141
499 719
345 399
574 593
753 708
615 304
649 156
270 136
737 506
627 634
572 136
216 812
755 593
166 719
259 553
170 842
276 777
32 123
677 382
75 86
845 797
278 339
448 79
836 488
219 201
463 786
763 247
988 476
977 521
275 13
356 521
535 208
333 130
725 137
180 810
550 541
855 346
826 44
689 758
988 285
999 85
7 226
327 813
502 679
209 739
878 611
682 941
817 885
441 289
768 646
760 811
49 552
953 538
448 373
644 880
31 646
188 603
145 415
363 376
773 818
896 825
307 456
595 571
123 124
17 274
90 104
892 51
599 713
530 263
140 95
372 418
310 404
359 895
862 929
682 10
189 829
649 286
959 330
667 378
502 887
469 268
302 130
270 9
318 147
486 658
292 470
870 903
870 386
457 443
658 976
315 354
722 321
703 925
482 110
956 310
404 313
744 637
90 889
92 88
800 898
894 663
605 279
717 968
174 388
894 553
466 902
515 415
885 749
382 559
317 50
958 150
428 334
956 102
926 244
680 721
143 510
275 895
880 289
294 155
239 117
17 563
239 347
122 253
137 567
581 585
871 837
561 976
581 820
771 873
42 354
791 557
264 65
848 102
675 501
910 61
286 526
913 443
140 911
73 403
551 534
649 75
928 152
961 758
344 874
61 152
344 286
7 509
978 479
977 529
434 811
351 366
123 726
513 19
508 409
868 811
57 211
417 172
265 805
495 408
469 906
196 769
275 615
67 110
441 963
938 826
970 372
546 756
405 144
180 842
149 684
902 752
932 20
731 543
960 940
272 931
236 276
463 264
607 154
191 758
646 250
352 203
256 220
363 156
820 746
694 733
217 613
96 433
525 219
526 211
706 38
237 449
71 670
624 536
721 323
607 676
127 811
87 182
133 292
718 106
237 212
699 781
922 60
987 874
192 580
52 366
682 535
554 801
513 120
803 481
893 686
236 739
243 106
459 965
342 871
643 711
403 130
693 697
256 294
217 158
826 53
123 337
125 492
361 741
233 644
728 266
430 593
236 474
180 799
590 939
326 728
976 632
597 433
308 901
223 477
878 394
300 542
556 948
768 700
598 670
76 487
840 815
814 859
882 420
718 734
797 494
572 729
21 740
617 210
127 779
249 787
514 669
612 898
225 503
168 96
647 15
448 786
666 404
41 694
32 940
996 408
679 357
290 652
655 309
973 946
655 60
763 952
226 891
107 708
804 384
492 790
465 146
108 76
238 15
215 911
446 709
973 886
842 709
59 181
540 139
894 402
61 997
142 458
32 930
412 757
836 762
319 185
616 677
583 50
390 117
37 167
810 726
435 779
145 376
535 395
547 718
808 931
608 540
216 427
327 230
922 842
138 851
706 819
370 264
717 749
468 904
264 578
416 779
500 297
84 14
678 98
341 115
116 534
849 130
333 902
261 509
693 875
261 82
308 731
340 753
987 349
67 353
723 163
288 914
901 201
188 796
667 681
488 2
426 646
10 497
949 902
320 890
436 73
380 577
415 195
910 533
876 167
232 929
457 934
482 695
83 806
215 83
853 141
41 656
71 121
285 180
467 811
654 825
950 788
18 152
73 388
128 346
7 127
984 347
449 521
838 408
282 59
548 821
32 281
872 635
830 290
902 900
375 552
364 32
149 935
889 251
93 698
202 557
32 522
882 909
27 489
255 833
486 400
904 745
386 69
375 575
399 240
45 684
421 63
257 117
197 920
8 54
586 752
325 539
698 790
269 406
840 275
186 811
667 830
679 266
555 230
227 519
475 383
462 752
135 323
274 245
153 692
881 517
743 777
538 124
564 614
996 890
630 510
450 184
617 556
823 487
179 152
781 587
535 450
382 786
910 337
252 452
905 603
342 769
780 273
974 824
628 284
322 589
507 721
147 9
706 314
197 200
307 402
855 164
388 859
680 95
996 771
411 563
651 873
862 214
697 331
345 23
258 606
258 689
688 417
255 782
581 164
559 415
129 606
835 884
597 13
28 814
308 497
901 472
62 366
354 162
928 992
519 94
680 381
540 287
475 119
750 402
119 517
472 452
278 771
975 203
64 342
742 312
761 609
668 822
999 356
5 847
146 808
341 211
912 213
391 512
1 100
243 998
352 227
327 3
327 411
969 269
375 939
833 262
938 183
475 451
82 46
282 89
846 121
186 35
676 251
572 505
849 54
990 505
261 72
278 222
217 350
80 319
133 707
290 251
748 880
88 234
244 998
273 933
308 46
194 642
509 89
867 250
553 136
757 816
152 567
492 708
783 13
650 456
493 736
903 661
740 154
84 125
87 717
536 141
503 790
178 684
307 984
599 253
969 768
844 941
912 530
706 727
113 139
935 603
160 538
78 963
498 579
688 501
18 172
438 386
215 138
32 81
267 293
147 670
716 97
450 602
942 508
134 199
658 102
151 940
80 290
971 350
28 927
519 176
144 311
92 6
614 611
133 782
540 632
597 565
363 420
768 82
199 749
272 852
662 173
688 380
126 727
2 784
362 783
173 573
641 718
324 211
323 330
285 373
471 162
650 632
984 778
302 258
235 715
648 326
774 314
176 456
906 265
855 759
106 875
831 96
131 89
126 534
417 127
910 164
747 880
460 154
108 244
966 27
146 414
616 10
984 495
774 454
55 497
735 506
892 77
581 521
509 192
863 336
531 756
173 757
515 158
42 176
754 283
721 927
628 240
359 39
821 899
785 647
451 765
966 160
22 124
625 953
871 713
248 569
360 603
161 222
1 60
52 220
3 609
122 305
180 692
389 51
395 825
650 655
864 881
20 380
718 823
848 453
579 415
535 524
656 698
106 408
627 559
164 345
128 266
457 577
604 548
405 446
399 394
761 667
5 91
731 461
836 642
735 359
744 152
564 926
579 900
362 14
240 606
881 464
24 797
315 159
667 174
731 82
417 44
32 337
203 639
265 207
669 734
961 197
322 644
70 712
530 155
903 279
631 626
591 96
386 384
668 757
498 746
582 812
248 727
478 347
650 927
817 765
319 698
944 77
29 10
243 195
995 407
600 402
748 989
414 670
87 794
912 244
937 805
657 415
359 898
624 723
193 476
320 469
576 505
657 802
558 788
116 303
59 170
508 75
306 658
961 368
338 86
461 94
836 963
683 288
155 884
97 141
705 880
883 670
108 784
5 122
926 104
180 460
868 183
128 827
13 898
198 528
703 82
594 665
585 536
223 522
57 336
796 418
308 974
763 750
588 229
755 602
188 944
22 474
191 902
471 902
965 166
160 153
519 36
351 114
497 416
460 533
168 139
291 930
466 832
672 878
271 185
110 801
473 219
840 415
217 937
942 668
945 445
745 639
430 941
389 671
333 936
643 911
769 528
999 858
978 740
32 226
427 710
553 726
88 569
762 697
696 246
608 95
638 342
87 460
392 828
235 577
508 570
738 268
838 985
796 637
633 777
671 665
581 446
355 415
928 361
744 289
245 111
118 777
202 15
583 461
7 884
449 446
893 300
409 810
188 51
597 36
291 214
969 330
325 659
876 453
337 878
619 573
702 821
364 838
751 857
391 181
919 839
649 853
783 343
81 915
144 676
666 381
668 163
251 517
647 100
258 94
768 98
758 383
799 100
513 288
16 443
184 739
775 835
472 875
10 870
434 283
970 412
592 453
3 94
817 475
206 13
489 253
604 220
35 506
824 805
711 6
455 676
739 158
432 520
75 136
957 521
230 240
202 714
411 14
619 330
140 865
878 152
32 155
80 641
756 390
928 101
961 643
473 796
236 635
547 676
478 543
963 541
944 543
781 700
532 640
335 456
284 254
502 256
44 347
362 849
103 568
914 509
667 775
601 219
399 167
666 81
364 684
926 844
731 806
865 917
705 338
179 603
835 665
436 98
674 930
612 584
515 96
708 228
144 881
112 920
262 657
451 401
772 824
539 633
147 153
882 69
862 289
799 76
285 674
404 952
327 776
799 849
84 253
87 346
956 568
265 437
150 710
502 444
64 129
261 883
380 420
706 962
486 981
123 590
191 84
244 583
634 636
861 121
648 37
823 849
339 918
114 491
359 610
20 853
554 813
326 445
352 540
412 259
123 755
317 584
436 118
75 868
297 506
894 939
360 975
142 636
633 884
81 406
263 609
550 626
472 363
186 957
817 44
42 134
728 965
11 455
275 238
486 718
142 775
856 279
527 697
250 47
161 504
986 950
702 488
955 119
308 113
592 881
693 569
965 701
188 802
209 708
625 649
854 569
559 758
803 585
792 580
970 681
411 501
906 329
682 547
268 295
809 148
295 163
486 562
591 154
128 768
684 891
722 781
883 8
184 660
452 292
979 964
499 363
452 860
769 85
621 450
249 795
164 200
254 403
585 708
306 622
539 219
818 153
901 410
498 234
261 710
935 815
827 393
516 907
197 552
202 119
474 782
247 95
735 99
560 361
706 943
485 347
943 962
807 987
286 366
84 309
356 349
197 251
308 70
375 680
445 848
638 747
325 764
932 814
830 443
502 288
717 837
225 366
621 999
775 946
888 247
276 446
830 382
475 44
956 636
936 671
222 373
122 381
839 250
285 587
656 262
400 610
218 406
431 741
45 304
159 251
674 488
70 708
812 723
864 669
507 212
184 842
93 363
59 522
392 909
855 438
756 287
326 664
654 991
364 104
521 765
146 643
325 2
841 414
722 757
629 700
791 117
343 580
457 103
329 130
364 750
515 504
213 305
146 360
907 790
263 742
439 759
850 222
836 770
17 981
374 331
277 792
276 964
381 110
328 546
967 98
648 487
705 842
471 450
365 739
893 557
802 593
327 319
180 378
4 952
227 742
682 175
429 139
497 577
804 786
942 559
344 96
80 496
481 238
904 534
168 185
959 927
276 374
298 459
648 907
747 38
616 919
973 707
215 845
966 968
646 705
352 246
387 438
310 403
959 455
254 596
257 788
561 418
327 828
694 782
114 745
23 880
275 702
447 92
302 407
402 414
798 304
336 207
929 62
270 102
284 348
530 694
816 734
591 180
978 886
161 669
416 533
805 661
29 683
302 601
960 983
364 547
990 795
330 924
455 206
481 983
586 272
278 521
941 166
556 796
970 163
928 686
320 643
667 371
42 9
819 9
244 788
561 994
621 660
583 529
894 657
5 700
699 852
66 889
793 771
414 815
312 95
540 35
827 714
474 603
570 533
362 795
486 762
978 60
382 882
619 69
904 604
42 192
940 904
223 409
943 880
929 138
244 152
551 765
532 718
823 336
426 110
445 304
881 859
308 211
237 677
931 251
896 138
218 815
608 532
778 384
605 834
355 947
146 546
843 719
13 805
81 85
936 565
724 911
62 54
883 311
555 203
754 826
600 964
70 635
215 724
906 357
555 455
214 204
483 245
307 446
84 376
623 771
688 104
558 195
625 185
619 251
244 297
912 657
696 526
508 839
566 771
854 104
937 86
444 306
251 952
807 767
448 434
151 340
755 551
999 505
967 627
809 356
233 188
81 343
689 626
831 623
5 937
695 304
630 907
928 298
896 33
365 305
352 140
171 265
877 368
945 747
779 980
846 14
243 727
363 632
477 321
720 925
577 289
576 641
986 500
812 474
761 737
940 853
168 111
548 399
671 946
853 393
352 813
341 723
651 132
100 907
877 162
866 131
160 360
756 211
928 735
326 94
592 574
192 774
353 484
410 154
215 330
284 19
168 615
282 501
200 778
193 388
434 670
966 587
448 548
298 506
382 700
306 11
888 217
189 846
803 1
976 982
295 728
844 55
687 259
631 936
301 97
493 118
187 613
794 6
498 717
650 445
712 331
223 528
174 400
662 376
616 75
444 494
269 169
411 396
344 358
633 947
217 769
572 832
730 255
893 633
276 559
508 448
366 124
45 577
537 510
852 66
412 925
247 843
997 130
627 552
88 487
761 663
391 926
374 313
149 552
417 444
698 758
920 489
448 712
421 331
761 769
836 679
744 228
528 692
474 225
20 509
723 795
967 744
569 384
277 758
240 153
804 745
70 211
586 527
856 243
169 816
840 605
3 915
365 275
147 166
798 270
760 210
379 309
764 741
840 448
767 234
4 94
841 183
769 271
226 536
254 578
237 890
894 911
872 545
435 985
759 147
37 154
197 483
906 850
797 187
945 268
604 62
122 464
654 613
483 367
337 637
994 563
754 199
763 755
834 875
738 905
22 876
989 900
558 404
320 886
164 870
398 429
570 716
819 795
852 176
112 456
227 366
699 584
280 234
202 919
24 867
866 314
746 403
308 372
202 736
949 888
664 130
134 221
631 163
507 480
558 73
674 525
989 34
458 843
522 354
94 350
748 385
776 787
406 860
421 793
532 801
270 313
247 528
702 842
227 578
803 431
773 534
389 60
84 245
918 208
586 370
20 262
603 652
15 44
863 979
469 431
37 201
405 516
409 821
962 185
135 863
941 801
32 118
333 260
826 453
881 111
324 652
601 548
162 437
30 829
419 577
164 878
787 972
113 546
735 254
492 834
556 13
999 968
93 506
542 262
919 303
107 800
331 167
254 40
388 494
76 653
705 915
744 66
247 129
315 523
943 991
403 121
556 552
490 240
554 686
308 455
864 190
260 981
118 733
844 590
534 253
739 15
318 900
619 815
558 35
473 834
666 851
66 134
871 165
326 876
385 48
532 580
858 77
505 886
839 231
597 347
540 672
626 911
547 769
33 719
969 815
548 733
793 875
204 670
908 837
942 157
920 281
215 693
566 287
32 641
359 769
232 120
342 192
21 371
809 946
798 328
643 526
177 727
518 124
179 793
544 806
128 360
951 66
235 285
457 14
703 971
671 660
264 533
797 336
616 209
400 517
817 509
348 155
283 661
776 737
941 691
912 654
49 854
666 536
829 991
941 415
750 839
158 524
744 713
836 565
408 89
882 138
197 730
618 311
16 647
806 46
486 200
616 689
225 692
732 424
542 334
944 88
966 431
62 925
700 159
999 586
322 345
129 799
894 593
16 136
107 2
947 635
92 370
297 221
649 221
672 249
413 794
284 887
566 219
367 911
302 718
198 628
620 414
37 877
944 849
845 701
565 334
612 715
874 185
614 636
883 235
877 204
797 956
623 920
906 242
404 563
276 745
358 672
31 49
858 661
788 584
797 38
290 828
943 465
247 304
534 734
941 274
621 830
754 776
386 250
490 172
658 435
702 593
504 470
145 159
648 1
927 104
5 926
574 595
312 670
118 726
779 708
190 258
200 637
539 828
94 25
501 489
728 911
29 666
469 311
247 821
514 407
463 79
871 717
5 394
48 815
416 361
435 657
906 449
111 733
62 717
651 655
365 630
902 695
355 827
950 712
379 287
216 686
420 283
797 992
937 606
399 818
720 772
150 518
356 541
565 653
230 99
825 673
723 165
409 697
32 829
888 647
300 400
29 107
298 370
808 746
688 582
91 511
0 521
562 865
925 922
862 328
403 85
284 232
814 822
245 991
128 744
582 565
566 989
906 514
177 563
74 952
293 265
32 869
802 983
710 884
671 633
151 604
983 422
165 46
608 524
327 90
918 521
333 256
449 381
179 96
469 937
123 104
631 769
594 92
441 13
809 392
274 598
24 980
364 347
235 991
389 699
716 3
935 881
761 511
840 805
890 378
907 506
963 848
763 145
49 434
599 642
657 713
894 113
678 53
581 808
11 90
243 859
177 546
582 380
783 545
288 231
45 619
247 287
958 440
775 51
269 134
112 734
586 980
748 125
328 669
798 717
645 283
444 855
812 789
866 447
502 611
257 918
107 536
501 878
762 645
243 526
666 369
916 668
182 343
866 962
213 577
424 882
654 148
586 14
501 632
776 248
904 632
351 649
151 607
280 319
389 349
71 569
572 281
318 416
335 806
942 188
259 689
320 271
520 715
956 589
145 184
31 432
974 788
45 382
502 500
837 636
236 153
973 656
319 297
280 701
943 726
403 603
977 712
589 34
442 79
258 402
872 138
915 15
854 126
252 670
363 187
917 665
976 624
220 97
156 491
472 480
764 834
608 219
762 542
680 665
274 865
109 219
628 176
371 148
556 668
647 467
923 818
938 253
361 69
223 403
914 224
395 335
598 719
226 345
52 766
658 338
5 712
337 396
181 783
877 1
327 792
984 538
986 544
307 263
427 362
85 251
87 158
424 411
182 451
780 326
720 347
901 416
22 615
782 842
317 845
764 1
326 552
888 971
29 622
738 500
793 163
438 394
704 490
537 372
662 366
796 137
730 979
761 658
444 789
900 909
757 89
174 632
79 506
881 15
620 859
958 143
614 496
340 992
721 312
388 637
550 529
287 86
722 591
896 793
344 629
641 863
353 737
30 46
450 492
144 819
807 986
232 640
584 313
355 90
740 347
807 515
123 838
197 214
845 922
836 522
986 27
785 930
531 521
883 744
798 808
5 880
259 110
142 954
823 166
735 702
510 470
677 440
476 59
442 636
146 72
839 639
658 371
17 504
28 347
306 610
148 43
385 334
969 955
766 918
309 454
73 248
586 350
35 935
512 124
723 595
725 506
252 906
961 556
930 832
351 473
527 684
50 366
405 881
740 26
192 166
943 872
555 206
308 926
729 494
681 557
896 627
508 256
562 832
775 88
90 510
478 791
591 889
194 113
812 397
650 888
118 539
918 994
738 133
558 412
608 326
309 187
943 129
144 689
17 614
143 476
887 673
288 109
443 979
585 670
277 27
259 757
103 578
594 642
17 176
741 47
830 28
257 174
569 139
960 569
723 786
323 58
243 821
279 250
684 383
780 845
553 959
647 136
840 888
604 790
151 579
999 643
265 404
841 992
798 768
344 905
896 246
721 899
407 477
712 979
687 70
822 117
15 992
59 908
131 733
678 692
850 630
360 279
975 832
156 538
189 691
29 708
445 287
882 6
997 414
650 81
35 371
508 212
128 10
151 920
897 653
307 676
428 646
272 274
55 185
445 238
949 984
151 440
597 979
306 917
449 742
685 704
823 292
688 944
431 100
64 520
945 500
107 837
170 102
582 811
83 9
5 932
488 563
235 973
561 183
525 524
656 98
175 619
618 3
641 657
299 953
720 431
344 415
235 874
93 178
145 505
805 632
530 657
821 111
700 44
849 749
80 429
383 153
609 56
558 601
988 585
398 793
750 296
288 95
850 176
854 323
999 805
513 843
655 832
582 813
434 956
496 875
797 238
989 251
611 124
335 43
285 98
761 553
87 572
897 615
561 653
968 584
906 875
23 219
750 491
385 54
36 843
71 575
205 222
460 185
78 293
345 941
590 384
743 383
596 330
18 691
561 193
767 394
10 635
128 462
970 245
245 225
722 332
869 875
957 270
24 117
450 92
440 639
720 572
94 700
109 665
650 345
510 770
52 642
437 930
323 491
421 796
233 856
802 639
295 438
432 218
125 788
498 979
293 150
703 200
792 898
260 106
278 113
392 40
15 993
908 567
25 538
953 51
547 745
230 313
48 141
196 525
996 456
103 982
7 273
627 68
461 993
970 814
53 510
725 250
774 2
943 973
4 258
614 338
288 269
367 131
920 77
45 989
750 652
528 824
315 459
110 843
656 587
449 171
366 211
127 86
391 256
465 959
725 891
278 33
493 176
244 921
199 207
750 113
259 361
989 177
777 992
232 269
149 963
93 231
396 331
568 765
189 87
151 674
775 646
794 110
788 222
363 602
424 551
21 521
587 907
865 694
751 789
216 487
307 106
297 121
902 360
518 201
954 636
367 183
282 739
836 736
542 615
508 12
400 26
257 782
421 770
459 607
830 70
825 403
750 305
542 97
901 426
467 869
735 9
802 388
910 345
57 902
862 627
639 980
15 454
830 869
23 832
824 636
704 655
341 357
958 231
760 580
888 991
269 65
262 384
903 211
861 136
866 920
24 338
15 386
469 776
482 547
769 101
780 977
932 36
912 209
437 975
775 1
508 85
792 169
550 552
354 615
882 294
741 749
883 236
830 390
354 661
742 386
852 207
184 714
743 753
421 472
682 810
623 371
235 536
961 524
362 338
987 102
3 484
78 938
741 271
925 898
617 358
780 58
125 956
962 758
62 692
520 713
751 997
619 369
659 815
302 983
667 241
362 930
855 362
353 486
724 440
462 590
560 182
234 292
564 487
628 606
697 292
450 35
362 779
45 572
572 346
962 595
528 56
862 995
706 929
5 822
344 121
218 30
725 906
284 825
370 790
947 26
127 870
937 661
555 403
352 132
363 645
190 479
281 388
968 860
773 312
542 778
532 313
261 440
927 156
544 810
498 917
269 281
63 993
769 58
817 669
205 670
683 464
22 4
814 371
385 181
351 197
252 371
507 794
170 477
49 9
798 781
52 911
66 510
730 963
644 606
111 347
688 461
108 27
284 429
686 553
37 890
275 518
960 638
781 701
23 595
283 538
724 10
807 664
799 796
301 698
755 410
616 712
161 416
678 558
882 737
514 984
696 273
751 336
718 579
917 124
893 211
351 458
51 336
112 225
197 61
142 578
26 119
426 846
893 140
678 762
594 503
417 735
619 557
704 646
761 974
144 577
468 111
868 639
108 147
891 708
230 789
410 788
813 849
651 590
344 418
221 734
351 144
299 340
936 54
975 373
398 499
267 371
862 14
693 314
479 553
662 858
530 878
29 209
604 207
245 406
200 33
348 698
697 262
478 590
862 415
935 324
371 805
561 388
969 23
26 886
925 346
403 639
774 939
740 584
400 847
403 9
523 785
671 50
548 68
231 543
931 60
457 124
540 691
953 968
827 474
200 280
11 225
532 126
735 378
989 26
64 218
611 120
238 221
42 705
530 856
888 440
432 994
975 521
809 399
523 979
514 6
768 791
677 828
421 248
754 620
768 873
73 451
283 567
575 309
950 672
0 162
279 153
483 30
479 299
161 145
914 372
427 700
608 265
18 94
37 588
951 191
564 93
840 181
906 849
217 668
364 506
8 164
485 313
195 241
704 557
203 139
63 821
471 406
610 886
852 899
919 632
540 788
808 228
191 262
654 380
631 784
894 30
874 808
910 1
391 679
844 776
809 756
658 83
302 473
230 764
766 157
825 848
772 676
282 848
623 723
832 393
423 214
774 271
413 187
500 300
766 208
966 56
248 266
938 529
990 839
537 661
479 641
497 663
680 145
134 234
127 626
410 918
459 126
998 148
804 796
317 284
31 265
329 19
445 655
354 636
187 933
697 15
257 312
42 995
55 437
8 545
307 350
87 448
200 701
786 737
348 171
226 898
723 56
783 801
268 109
553 350
715 972
651 248
824 207
520 659
429 111
3 829
36 330
808 900
67 774
17 87
914 193
13 972
518 925
5 566
114 199
161 524
275 636
320 410
626 343
194 351
973 805
243 636
410 852
528 338
306 574
874 172
270 851
844 475
78 240
432 312
220 749
564 539
483 443
617 508
272 377
690 336
444 867
450 737
861 155
958 198
2 304
537 476
736 985
631 52
29 506
260 263
65 241
194 20
905 691
291 400
650 267
504 812
413 677
449 85
558 231
392 919
67 839
576 320
485 231
550 663
302 459
64 219
262 758
109 148
166 185
744 222
449 719
226 462
927 488
281 574
866 771
73 645
271 156
466 206
783 698
457 756
491 802
883 628
114 350
686 718
659 171
32 723
953 588
527 964
596 477
536 304
195 102
775 695
544 394
278 749
352 278
188 267
888 281
867 522
625 351
762 270
175 245
261 687
675 442
237 318
795 787
230 60
716 361
551 887
926 971
296 541
996 874
681 177
973 787
706 194
724 744
546 488
683 881
28 212
405 964
925 931
151 118
957 117
291 923
724 382
495 48
844 860
978 918
78 824
716 715
476 538
631 423
902 536
4 764
344 37
970 180
680 460
986 676
275 939
217 953
978 318
575 709
609 818
894 846
235 331
783 276
878 727
328 885
257 51
941 829
549 742
364 917
335 82
29 160
766 847
600 264
161 877
310 832
372 283
840 377
8 146
623 129
82 100
585 690
882 334
693 800
177 346
738 837
867 993
479 921
730 373
335 869
664 6
137 814
609 464
555 113
892 163
3 453
499 799
680 549
364 148
23 145
235 923
785 265
542 569
866 214
785 97
883 673
649 256
764 460
310 869
587 38
671 847
298 787
22 146
840 511
706 683
860 221
210 690
625 960
205 177
375 389
586 533
674 727
243 350
366 653
572 156
518 983
324 878
826 137
612 640
712 847
592 439
895 526
311 346
723 462
502 822
343 733
854 66
7 700
149 33
530 971
63 529
550 714
695 661
179 357
625 830
564 780
306 963
237 216
37 963
430 35
425 710
556 913
996 547
686 238
965 245
792 338
342 746
903 407
613 130
220 69
642 857
10 361
107 345
544 892
15 331
169 841
997 349
672 119
950 987
990 875
105 988
761 989
528 633
744 687
345 63
84 982
435 930
830 739
643 587
508 990
469 770
902 419
809 440
200 551
173 744
250 898
607 841
438 183
570 565
648 89
858 159
528 878
547 156
955 903
365 345
391 673
987 147
458 354
107 399
364 19
332 108
688 736
412 76
949 286
617 604
800 373
189 339
932 901
482 650
342 455
535 217
7 769
438 366
949 402
938 146
955 849
306 203
193 394
540 338
144 753
348 920
725 472
533 900
359 477
522 934
987 826
657 407
928 301
576 951
449 902
689 38
572 880
899 225
689 368
127 991
180 975
258 931
603 111
384 816
533 224
556 985
308 589
987 228
677 530
457 681
339 954
216 968
693 183
619 265
439 605
397 142
114 396
233 235
410 111
166 652
161 224
940 12
93 934
399 663
937 811
844 232
804 903
135 54
126 294
91 361
682 183
215 540
929 294
766 670
601 140
270 632
646 321
354 314
987 460
861 275
990 34
183 321
659 965
788 248
112 110
417 38
133 757
112 101
862 397
349 477
631 694
868 843
582 620
633 580
87 729
684 921
514 788
853 157
949 719
852 643
226 539
810 557
836 528
440 661
405 872
353 879
180 644
650 388
603 464
396 578
87 78
564 138
960 549
747 62
993 422
267 337
706 365
126 860
951 854
237 499
479 914
868 453
724 786
327 814
20 321
906 762
742 271
78 305
186 14
861 1
191 181
579 366
678 220
80 350
762 829
563 749
121 211
197 458
576 12
260 752
640 38
419 343
528 38
600 775
941 822
540 705
586 806
775 684
591 607
337 832
244 741
852 587
597 262
987 439
705 451
12 358
82 934
41 454
108 745
944 262
475 381
804 272
194 398
996 221
272 607
597 76
22 627
890 384
598 909
382 456
589 835
99 296
622 599
227 901
587 911
594 851
71 107
277 294
801 163
204 982
628 91
87 81
951 125
383 343
801 884
863 808
299 177
981 700
374 488
899 95
468 633
445 916
667 816
855 121
566 911
681 152
395 43
190 151
315 281
332 626
107 897
436 902
463 705
448 408
943 886
535 287
249 167
984 879
103 697
440 898
320 737
96 643
218 219
523 484
35 643
628 692
758 241
635 613
152 580
114 221
636 422
444 958
653 834
812 727
223 908
102 313
882 795
659 637
216 160
145 886
156 477
916 381
475 68
171 239
272 602
244 137
340 269
543 787
966 36
785 729
723 384
529 605
950 838
507 573
202 746
441 661
763 687
182 877
233 515
688 122
716 365
638 201
109 210
556 684
826 455
509 980
55 76
554 424
378 243
236 568
767 746
706 45
31 403
146 729
940 274
17 885
32 560
882 40
490 759
448 822
190 927
622 692
375 569
16 709
808 162
209 382
644 835
586 689
387 209
582 636
974 984
278 424
300 137
84 381
274 606
677 582
61 873
275 891
465 159
678 974
523 95
45 964
588 487
675 994
810 826
791 124
191 770
706 151
462 50
135 711
356 816
793 565
227 630
447 965
475 345
13 924
756 975
622 557
553 733
389 104
560 791
177 407
447 825
555 549
890 283
938 697
41 95
513 828
490 495
856 234
663 753
808 734
648 837
286 953
197 224
663 895
940 985
428 426
306 565
293 884
33 455
968 602
548 541
725 998
103 810
581 810
434 882
664 143
266 691
527 640
981 266
751 72
932 92
509 924
84 571
878 74
735 630
647 993
351 223
282 450
256 388
608 355
994 437
833 369
45 662
247 781
574 859
883 816
285 435
824 541
569 837
855 338
398 937
750 199
8 979
285 220
140 408
730 702
514 197
975 924
649 483
412 102
421 309
419 418
566 558
70 222
372 640
966 538
61 584
332 200
523 887
904 694
432 543
926 249
988 563
622 480
110 314
538 373
599 368
922 567
355 781
773 401
70 602
893 678
325 994
931 368
151 947
831 974
641 842
327 445
629 280
396 574
327 883
946 136
518 606
978 716
297 418
764 599
438 159
413 924
18 232
824 360
958 846
21 268
367 694
280 122
36 933
994 347
515 456
230 997
387 872
320 538
740 614
762 243
973 360
457 867
533 86
743 762
654 726
306 241
779 56
300 362
974 528
391 389
450 745
910 890
950 884
85 879
662 547
282 744
751 39
396 349
137 993
616 856
286 860
160 241
788 791
769 456
543 477
199 879
223 751
260 663
912 558
867 382
226 322
442 330
872 122
436 781
564 831
257 222
690 834
151 489
628 481
658 712
555 665
449 879
799 741
664 775
990 818
80 201
231 360
64 385
484 517
830 816
631 305
664 393
949 275
479 823
267 663
213 918
232 452
275 72
663 643
437 719
913 640
863 131
93 948
194 333
593 343
320 741
504 916
957 143
775 584
746 806
333 268
467 366
574 911
648 267
8 902
136 15
132 805
755 775
641 623
118 524
565 356
755 827
262 545
96 640
230 145
631 990
426 208
202 520
808 814
515 346
362 511
351 79
556 947
234 120
570 281
822 980
441 563
648 566
929 619
92 258
417 844
807 195
855 526
412 825
432 339
589 758
300 889
378 775
55 110
871 889
702 632
883 192
882 851
988 848
658 251
197 521
973 708
67 458
649 869
403 406
46 837
549 163
107 92
16 309
817 776
744 723
18 25
504 565
498 138
161 995
67 547
678 105
622 38
438 530
935 596
208 759
90 994
127 255
514 954
677 563
645 939
965 981
270 987
845 574
968 851
977 434
686 573
654 99
686 426
678 270
988 860
726 952
150 85
601 857
371 422
45 62
889 598
941 419
78 484
779 522
561 757
872 541
544 221
162 698
311 707
284 524
247 360
874 467
168 488
282 4
700 496
947 972
896 727
632 130
778 34
95 588
409 183
300 19
968 56
844 950
471 334
746 787
733 321
387 676
223 925
600 519
25 749
927 219
128 751
275 46
554 587
264 104
237 514
103 449
337 48
295 76
730 815
0 408
524 19
928 911
795 102
62 27
82 860
462 997
786 130
198 15
735 138
134 89
260 812
428 184
654 879
325 542
991 314
191 214
678 251
266 6
375 446
448 410
678 679
420 645
161 885
64 876
509 764
840 348
340 439
411 643
810 529
894 503
410 262
516 829
232 287
300 399
273 139
576 101
491 211
798 551
461 484
252 507
216 488
16 764
18 411
439 994
155 563
487 305
816 453
344 199
826 384
539 931
549 737
564 544
781 511
773 569
405 117
706 343
673 470
820 355
55 19
376 869
260 673
179 548
973 867
540 211
194 646
430 641
701 119
923 376
515 445
365 148
68 870
149 440
285 913
619 167
942 153
160 98
590 245
106 580
724 660
576 164
302 426
957 956
780 769
724 578
554 619
424 51
423 182
407 588
93 765
812 440
894 770
546 834
378 613
16 279
550 891
809 117
763 35
620 964
342 577
844 73
513 596
833 477
507 208
514 255
174 153
309 660
189 795
729 311
544 508
991 710
451 557
866 455
548 76
682 644
666 636
650 566
107 480
724 334
945 519
902 690
432 267
732 996
732 362
804 356
320 518
957 397
463 426
234 406
237 118
395 948
93 425
352 318
192 563
837 47
620 698
852 790
814 593
241 670
423 511
767 464
411 477
658 97
577 56
116 526
179 379
253 842
951 632
855 348
961 996
448 188
500 393
935 574
434 979
796 983
413 346
704 859
235 563
804 306
27 846
525 799
333 549
768 728
550 806
400 408
220 381
473 991
499 399
814 613
99 472
230 94
191 551
190 12
735 855
405 608
123 420
830 777
11 995
611 637
560 134
273 930
308 746
309 846
706 81
666 954
621 713
81 918
272 930
405 393
685 572
338 347
949 800
193 645
532 816
107 48
49 644
667 36
318 823
475 629
814 369
812 954
988 76
626 789
215 113
187 849
706 70
755 443
951 518
608 563
559 86
93 427
479 671
650 350
373 101
557 726
63 270
261 954
452 72
515 153
261 165
87 775
233 678
752 571
449 305
798 209
267 409
5 470
933 368
864 786
499 170
642 305
946 911
664 218
762 220
716 288
186 356
91 587
516 349
753 274
616 524
64 232
148 640
316 283
214 859
493 609
425 987
909 669
429 593
333 658
91 614
650 694
631 115
133 791
171 170
358 270
55 319
771 778
643 636
442 312
946 152
628 401
651 917
407 102
622 183
333 542
568 846
215 85
790 224
856 253
202 568
93 666
663 458
244 512
469 691
174 324
756 250
342 298
883 836
508 541
242 753
29 497
751 281
387 556
673 632
284 92
751 296
85 60
701 643
264 603
514 605
3 869
45 237
960 526
586 671
82 480
739 719
72 709
436 257
916 613
659 580
352 42
481 461
791 97
463 792
793 637
534 637
5 95
108 11
169 40
628 478
724 183
612 34
920 91
445 799
132 880
871 34
919 225
262 65
986 898
448 671
245 934
868 895
678 473
899 652
184 46
703 120
235 368
339 545
519 820
795 927
367 653
365 622
83 442
261 89
629 91
873 676
589 496
93 302
57 47
15 477
906 447
808 727
539 276
10 569
495 927
514 695
286 868
433 695
989 356
833 510
703 184
912 310
575 510
792 63
594 613
933 390
419 406
644 614
938 528
625 98
794 53
784 921
717 979
466 242
328 374
722 450
249 886
436 539
987 265
229 287
28 281
467 639
424 856
116 660
893 455
773 81
906 50
806 404
117 580
833 97
562 694
527 652
587 692
402 992
142 162
277 323
127 843
526 709
431 263
926 522
282 643
320 681
430 976
411 588
249 297
723 765
904 132
315 447
463 249
330 124
213 72
256 713
191 60
699 468
309 195
868 54
979 741
797 658
154 470
617 196
218 602
209 163
360 789
582 930
731 358
616 368
417 169
662 359
845 355
466 606
2 206
866 390
400 832
128 662
204 229
699 618
317 574
609 44
131 38
931 695
798 983
324 698
302 243
516 979
550 427
644 933
320 415
350 386
590 997
64 134
291 830
701 611
379 643
827 68
157 287
502 846
222 221
828 726
893 589
571 26
767 911
940 772
981 488
67 315
397 690
781 38
332 567
731 566
666 193
603 707
962 101
807 808
79 801
754 775
225 117
469 48
850 456
753 669
136 101
731 422
576 436
129 114
722 712
597 16
490 437
244 79
161 598
635 602
951 449
905 383
624 117
215 853
954 19
445 758
103 592
618 989
927 972
511 121
145 921
33 132
591 704
827 981
986 262
915 857
974 312
432 820
847 393
326 633
52 738
154 673
442 710
376 489
24 835
84 476
883 416
685 585
688 87
866 334
295 248
690 206
544 229
252 639
650 92
327 966
475 603
370 952
239 857
888 438
3 990
493 934
125 714
785 240
566 820
497 609
685 630
341 920
954 758
703 211
813 694
428 324
627 384
638 931
861 283
638 345
468 204
649 186
617 616
662 919
696 370
146 170
950 337
856 79
577 338
631 257
360 349
544 76
798 238
109 2
522 536
945 580
392 383
430 185
105 672
715 911
263 480
701 707
854 459
586 868
169 141
66 159
225 983
11 536
485 846
729 777
182 771
663 939
273 778
274 811
794 359
258 843
213 927
300 69
883 639
520 572
255 111
473 159
276 590
235 61
431 701
82 517
256 559
322 38
451 884
97 653
963 506
357 314
731 52
907 119
467 946
103 169
576 747
335 54
529 813
52 708
898 606
866 74
610 366
590 172
486 85
616 237
123 86
917 909
631 82
558 101
475 863
20 647
920 709
237 685
216 972
218 69
571 900
757 860
513 595
117 749
978 488
457 749
218 646
566 356
558 823
861 842
257 420
405 476
808 860
877 485
280 165
805 734
231 590
641 775
468 744
372 834
458 632
256 96
444 556
570 718
861 53
914 456
993 74
887 784
729 980
949 283
564 940
723 491
205 411
905 461
576 180
617 566
333 69
278 241
869 124
5 762
877 4
577 221
599 97
382 642
844 218
495 933
951 992
700 710
743 212
562 546
411 829
5 217
260 187
405 60
213 799
610 153
914 708
491 606
940 94
959 335
620 250
448 769
189 432
381 843
946 813
32 170
684 371
191 771
313 661
793 411
736 510
910 982
617 373
566 668
629 359
295 200
696 162
644 778
901 714
754 642
71 912
823 402
596 784
829 470
556 404
803 11
201 734
912 36
995 152
662 695
378 899
858 774
375 853
205 695
67 14
194 838
160 120
731 182
879 228
419 524
631 977
956 491
804 710
780 885
107 918
429 645
890 930
310 292
527 1
421 857
280 756
873 492
666 705
182 328
61 784
450 231
853 419
508 827
302 217
541 346
287 886
471 83
876 794
750 101
622 751
397 905
293 229
385 947
890 839
80 316
596 369
960 225
654 541
96 141
825 490
45 380
8 401
87 4
721 681
632 816
555 280
221 719
957 185
118 456
215 4
193 126
466 171
980 43
52 312
133 994
981 752
821 611
142 697
426 998
146 987
55 162
892 178
485 406
830 909
949 930
629 148
399 987
436 743
335 948
489 26
296 297
570 184
644 101
150 269
797 584
125 74
635 396
912 949
197 258
638 307
546 131
558 917
302 729
891 968
226 975
891 511
730 886
773 955
792 62
325 418
876 568
866 547
226 805
398 441
644 729
951 380
45 294
624 787
896 948
785 782
798 765
8 776
4 388
786 221
637 138
753 408
460 992
105 765
161 641
763 88
337 891
412 569
362 172
722 872
877 898
979 898
903 505
333 990
216 894
576 943
471 408
326 438
608 708
279 602
555 340
10 805
814 538
444 137
993 170
942 984
303 239
870 602
168 755
257 278
593 670
286 386
943 658
460 401
107 213
792 484
585 605
236 307
730 532
797 495
307 911
341 614
468 806
989 815
657 36
686 36
61 177
166 846
990 115
942 326
897 245
191 356
108 777
81 946
960 973
472 756
471 762
252 786
7 412
342 125
951 829
999 526
866 477
914 43
949 120
874 39
468 392
498 993
821 815
990 784
24 800
465 264
500 557
262 187
937 162
685 283
750 324
341 642
522 442
608 149
20 288
358 744
729 396
49 464
459 460
423 829
623 814
627 691
259 534
966 284
738 321
391 235
154 429
722 330
857 727
736 588
804 210
236 536
769 522
158 805
675 267
471 105
890 895
807 851
747 361
357 598
735 179
552 496
479 27
286 718
252 248
473 409
55 661
658 752
973 824
170 366
820 828
64 273
302 891
642 615
420 784
685 439
732 83
200 826
755 987
140 111
937 283
912 298
694 221
391 564
862 193
629 666
415 343
329 381
751 709
189 207
471 697
432 939
986 363
731 976
984 460
545 665
168 968
691 637
285 143
200 9
41 467
807 159
896 920
912 439
807 736
411 806
897 778
595 857
703 425
870 13
66 27
799 95
151 40
127 681
891 611
504 828
631 424
896 157
497 908
948 661
656 751
320 169
542 6
757 422
488 603
101 336
182 79
838 614
828 402
448 369
979 336
318 728
624 774
21 180
475 378
93 477
50 632
994 980
344 446
696 859
492 784
509 495
306 693
284 126
439 742
140 305
70 881
929 647
681 148
970 325
773 238
920 346
334 453
770 488
793 40
772 388
748 280
556 167
351 91
928 949
462 110
594 810
723 698
560 768
525 889
810 53
8 870
594 368
406 170
118 801
953 578
576 676
270 6
482 544
216 162
17 313
867 312
499 657
840 323
855 85
701 224
487 368
276 369
760 637
45 485
628 431
103 451
587 595
445 818
491 636
667 129
617 483
792 973
924 228
740 975
455 909
938 687
168 42
648 597
626 741
196 409
776 94
671 709
49 788
355 178
776 800
337 246
607 377
618 657
85 670
173 380
23 529
504 890
430 169
971 262
693 305
401 347
57 874
191 113
255 788
269 959
274 119
858 459
769 852
492 139
449 911
267 764
724 53
31 152
486 532
135 175
681 701
348 851
381 60
42 755
261 502
492 653
520 787
202 123
350 407
498 791
111 843
374 141
612 679
149 217
860 879
956 157
168 247
716 374
465 669
624 169
37 692
243 159
700 758
344 536
260 164
633 774
274 915
638 770
326 875
672 841
413 623
932 524
249 778
399 153
288 786
189 97
760 879
894 509
420 980
41 147
391 117
50 865
428 91
772 787
996 480
312 25
901 378
731 296
976 53
513 579
381 373
449 870
657 602
94 552
987 886
650 248
728 289
413 197
701 717
334 199
133 546
831 536
227 361
280 452
773 720
862 132
856 778
103 964
236 671
92 902
320 213
829 574
912 987
340 529
904 109
174 76
58 176
777 60
966 371
558 584
404 292
686 60
357 615
379 109
204 195
583 737
332 223
459 789
697 403
555 467
667 954
113 653
435 847
103 886
581 735
690 983
893 800
619 88
394 221
248 636
906 701
803 13
644 363
272 923
61 681
705 719
666 886
943 842
151 428
256 858
570 509
619 335
463 254
308 775
61 640
617 113
962 528
354 637
291 812
714 939
863 259
617 203
683 454
960 901
68 406
747 646
957 879
644 695
375 544
87 39
100 464
187 321
932 592
570 12
387 409
235 474
830 645
891 283
999 687
433 859
316 538
155 477
405 160
123 216
571 952
261 810
188 574
664 290
152 56
789 453
88 259
737 734
142 729
989 598
962 934
672 163
956 584
299 336
579 296
20 843
508 403
328 246
830 533
429 206
800 770
836 753
325 730
862 341
173 292
824 90
198 231
852 383
799 263
841 606
450 694
640 74
600 47
190 83
337 305
412 197
979 357
840 636
128 294
626 538
358 723
284 577
737 100
905 946
550 141
809 702
697 9
560 160
73 776
958 164
88 832
466 74
419 818
312 603
958 230
167 86
854 765
558 634
208 451
303 878
127 377
831 538
932 812
28 521
926 126
514 633
547 927
617 353
800 383
806 60
46 338
893 933
634 800
301 753
274 571
575 107
345 265
568 884
717 51
301 483
867 33
817 231
169 972
906 908
189 46
344 878
630 422
191 994
308 373
413 410
683 365
558 498
876 331
78 930
515 120
469 167
561 902
179 210
776 789
965 692
955 354
724 533
123 140
892 121
561 373
507 38
457 26
860 805
957 167
671 147
249 707
332 38
942 657
755 454
970 45
389 113
893 982
977 428
312 330
265 991
150 973
672 418
285 159
675 496
566 144
379 764
240 14
116 349
645 606
344 560
409 136
738 340
830 357
409 219
686 691
582 622
423 845
103 367
67 622
757 588
634 859
768 122
865 19
993 6
647 816
416 952
948 13
959 296
772 630
513 70
513 943
959 185
748 873
67 575
11 542
461 294
845 303
398 608
712 296
897 464
576 976
237 188
947 354
208 580
431 531
297 304
706 973
376 975
725 647
280 419
493 437
785 380
32 152
516 819
619 633
820 38
630 231
773 694
763 404
236 363
319 121
24 745
832 653
262 219
760 404
528 187
645 13
757 239
354 690
807 371
930 707
159 615
993 195
549 36
920 829
430 60
380 472
984 710
428 613
548 410
417 888
931 506
974 329
9 884
569 381
978 762
257 44
17 134
426 857
329 832
402 639
268 210
344 823
398 456
631 320
802 606
364 85
838 927
623 963
542 860
463 217
252 888
332 123
942 226
208 422
625 701
8 407
581 267
951 538
648 72
680 137
445 57
444 290
205 573
380 70
956 846
5 938
938 538
535 224
908 946
155 595
220 393
680 91
468 127
383 911
4 309
434 643
910 475
375 556
555 726
764 968
129 474
597 89
899 228
329 304
438 91
158 559
554 742
775 557
969 123
926 716
942 303
244 265
92 816
242 12
738 915
35 100
956 62
583 490
858 580
659 609
187 637
81 779
793 577
750 434
831 385
133 916
413 412
465 247
977 487
379 571
966 102
263 626
457 159
457 1
664 835
672 613
674 890
554 549
461 262
365 214
712 210
387 868
870 571
213 96
767 752
267 774
579 691
592 120
126 891
145 458
195 477
940 181
531 813
406 433
127 757
235 700
631 116
673 606
555 589
214 573
81 925
525 435
452 837
397 58
365 714
633 314
912 483
946 338
534 60
354 79
750 746
621 634
967 889
189 49
144 79
78 797
974 971
258 111
52 371
520 590
572 757
71 927
196 231
908 51
788 383
128 82
339 495
559 846
592 971
463 103
35 129
348 979
550 905
239 124
484 922
144 376
788 816
966 407
799 381
865 574
28 40
633 210
792 258
154 998
967 368
28 580
803 224
282 128
114 101
586 392
216 449
650 478
512 118
807 115
192 584
871 338
227 427
112 336
804 448
260 386
780 824
123 221
871 274
646 38
699 998
450 380
302 224
858 157
938 747
888 154
315 815
441 106
413 50
118 467
932 935
208 665
302 56
561 427
285 739
475 658
59 843
372 947
682 256
458 380
471 853
266 388
417 366
943 683
179 66
551 882
327 810
582 433
156 752
569 823
96 835
861 111
754 543
622 404
949 356
330 138
601 770
327 378
140 909
13 207
504 212
576 974
938 869
317 537
762 665
717 880
65 691
553 357
750 158
865 331
780 402
923 822
836 412
551 947
198 721
442 818
774 60
434 377
17 952
160 956
724 207
796 165
181 382
281 250
792 363
724 607
52 526
478 129
746 640
202 390
59 27
829 225
576 258
460 842
232 707
609 606
479 284
59 26
565 100
673 86
542 152
929 705
413 832
161 636
404 388
856 633
389 36
411 203
798 499
500 781
193 228
947 998
114 757
953 373
932 906
572 89
858 153
407 511
963 698
635 939
337 714
663 573
617 323
867 733
947 851
915 907
515 13
65 869
512 898
337 209
205 119
121 670
756 765
362 456
379 455
103 717
67 831
315 796
852 898
329 955
638 914
272 750
949 455
171 357
897 57
504 626
485 451
797 9
763 905
302 445
328 139
19 584
63 588
612 409
833 429
388 964
317 128
460 137
247 545
268 654
681 313
443 335
656 167
186 109
747 25
852 569
275 177
45 484
829 393
485 167
457 439
720 776
877 274
285 971
519 753
300 759
509 729
981 165
127 366
398 470
352 51
805 390
738 796
813 934
162 632
844 952
213 419
649 849
411 287
20 727
422 669
810 900
947 9
145 567
425 687
999 351
339 810
230 898
35 871
49 685
607 48
817 836
971 578
806 895
785 931
923 632
75 93
569 869
991 211
71 430
351 757
988 824
863 826
666 614
308 250
627 694
237 946
348 903
831 965
901 212
946 433
893 655
720 984
918 930
482 681
144 710
495 43
817 434
904 834
184 53
944 455
374 653
682 243
662 955
411 110
300 355
443 388
341 146
755 916
140 433
698 34
572 511
478 377
790 727
824 909
272 199
982 166
928 372
621 706
149 941
773 103
532 422
284 439
706 821
15 524
112 40
430 896
259 606
644 95
428 723
434 867
445 778
171 769
990 881
415 289
64 258
836 531
604 639
682 913
788 637
812 253
638 695
87 758
308 82
275 241
190 381
93 794
702 834
962 670
184 117
674 1
342 209
940 950
581 162
421 411
951 913
11 313
135 254
204 442
997 446
763 71
622 319
525 240
171 134
170 517
623 494
411 664
821 791
860 749
723 480
134 201
962 6
340 517
576 775
486 230
680 756
190 812
69 884
956 361
958 172
16 533
142 869
151 120
595 311
957 887
771 867
542 47
759 148
73 379
113 101
352 56
995 529
520 603
565 870
471 487
233 275
168 47
660 713
339 195
994 65
194 164
780 965
283 287
864 305
326 920
489 336
647 43
237 939
136 599
659 369
159 849
405 249
431 668
71 144
278 900
812 524
112 46
799 53
413 362
436 526
705 615
2 787
856 328
353 480
547 712
382 800
906 460
260 244
760 313
262 991
644 580
655 751
616 164
110 250
295 350
683 4
594 730
332 550
731 712
647 522
773 642
706 100
205 438
824 707
882 369
478 534
230 386
591 921
30 859
720 127
937 692
847 534
716 824
337 847
352 361
291 23
798 997
372 384
135 847
722 456
756 846
674 623
540 442
186 335
699 580
306 125
219 669
20 854
817 362
426 549
379 839
581 524
897 339
398 309
267 358
870 657
760 992
978 166
902 246
798 57
731 987
268 1
682 235
944 704
171 875
871 85
364 302
340 48
308 809
866 885
335 222
807 619
315 838
743 578
360 632
45 378
216 902
286 89
351 861
375 704
214 251
317 723
763 821
565 975
37 811
254 89
803 34
625 628
31 425
417 830
306 91
954 287
819 790
897 70
838 167
755 258
609 201
188 275
522 183
903 72
730 868
810 141
645 487
972 884
285 271
205 253
958 559
548 851
895 163
899 115
209 239
617 418
469 712
940 577
720 752
375 350
149 872
386 414
743 451
502 951
355 645
471 813
222 709
458 356
110 692
662 595
164 363
230 521
712 2
597 363
932 724
996 671
316 627
942 582
960 304
893 166
179 386
26 875
500 638
731 522
650 152
674 86
189 514
508 726
267 827
254 174
32 224
468 533
8 794
281 637
283 43
425 98
873 742
904 824
992 567
498 765
395 751
990 764
463 760
635 187
280 796
650 752
644 133
82 719
510 224
237 837
282 86
58 209
918 13
3 182
697 131
889 534
212 889
693 407
306 676
202 317
963 734
349 811
623 442
55 229
769 511
627 991
448 655
678 715
527 522
910 940
893 724
218 206
208 224
142 346
28 973
293 477
134 818
781 163
550 310
125 859
345 354
989 975
362 220
718 786
464 503
984 185
967 587
31 765
782 228
804 536
601 753
601 100
586 522
833 331
611 790
501 990
429 714
808 585
323 368
502 505
569 494
721 710
866 846
293 690
748 77
760 248
424 488
844 162
679 262
108 132
831 597
160 890
717 225
673 975
906 526
22 882
71 213
763 779
193 251
291 412
937 758
576 702
58 700
682 74
949 83
320 373
235 799
238 418
647 350
831 810
424 109
440 770
561 896
555 569
822 422
732 989
899 665
769 388
248 253
781 203
722 354
22 264
930 652
778 95
738 367
100 368
865 167
280 304
196 568
405 949
36 611
654 250
398 104
888 872
125 406
978 266
621 981
802 454
493 584
189 987
604 769
140 495
465 744
935 982
786 297
442 477
840 98
641 77
593 305
576 214
882 239
758 521
29 153
943 759
527 925
721 453
12 307
481 132
941 587
205 749
623 663
666 48
525 357
335 653
282 728
604 889
358 653
4 85
793 296
476 930
463 929
87 378
218 563
554 784
398 307
279 615
483 546
514 790
683 270
64 454
894 524
52 603
122 526
189 774
390 221
465 39
748 580
662 850
685 764
768 827
294 975
883 481
471 832
925 279
32 359
996 149
808 70
209 997
318 826
604 860
906 258
476 433
654 358
411 497
486 980
744 23
704 585
380 376
252 744
49 495
582 941
300 728
771 419
804 908
922 660
894 61
740 865
16 394
513 562
575 695
514 265
287 934
926 661
769 955
633 373
71 804
570 48
424 681
650 858
866 278
450 447
197 382
464 521
858 770
682 812
299 346
22 809
215 718
942 91
783 250
812 994
492 884
552 834
671 228
148 314
747 68
248 274
495 805
469 319
519 571
844 695
976 935
425 287
800 997
72 388
92 408
230 221
988 692
850 983
424 49
624 167
236 146
259 505
209 241
740 869
504 892
235 820
295 495
177 433
279 346
180 307
523 34
956 954
236 902
278 210
445 72
317 397
688 366
761 965
466 347
841 526
31 74
277 962
29 526
794 983
518 643
242 702
651 777
748 529
378 82
648 922
855 839
275 905
961 885
295 859
323 82
250 613
93 569
515 77
593 494
844 846
473 694
562 206
703 660
628 730
385 232
58 589
984 828
733 487
539 691
50 980
333 698
744 266
603 598
812 176
925 347
436 973
631 873
919 248
558 593
761 281
273 393
429 790
451 496
308 53
96 374
928 571
602 86
126 283
387 492
352 694
796 415
537 678
21 358
67 360
854 165
348 262
457 272
413 450
520 899
556 450
468 372
986 774
693 370
55 204
788 401
261 905
387 512
318 701
803 177
735 231
112 366
792 494
24 827
597 37
73 384
57 220
730 810
416 660
628 852
988 287
790 487
474 454
889 733
284 771
359 922
926 215
535 928
714 636
773 686
174 847
497 955
957 719
391 659
423 533
799 70
858 919
135 735
773 575
649 358
351 899
478 386
618 418
310 454
844 343
465 300
566 218
768 225
417 46
767 730
58 224
424 531
422 567
610 97
967 373
711 60
683 66
862 239
417 235
20 248
604 498
140 579
757 384
240 34
108 377
832 615
508 952
298 340
715 264
890 726
337 418
274 357
380 887
787 346
187 968
333 899
177 717
359 386
760 347
196 990
783 690
585 460
949 185
413 919
999 976
767 412
226 213
849 170
806 494
413 655
93 823
554 43
179 549
533 975
219 437
236 49
522 401
904 182
205 533
891 239
202 994
316 660
965 545
946 371
942 911
212 211
712 297
108 388
693 220
421 881
760 914
600 240
57 994
587 900
182 127
985 74
675 169
173 245
293 110
233 471
738 217
612 658
71 485
826 467
166 708
216 865
689 152
202 214
310 297
441 821
624 422
194 998
857 921
644 750
771 981
862 899
490 334
904 380
382 350
876 225
760 184
821 50
291 259
568 305
675 297
909 789
662 716
342 92
625 831
756 43
401 442
854 467
161 884
660 40
648 509
473 595
856 979
315 854
918 700
906 487
997 403
820 390
197 891
685 955
593 726
947 982
322 667
423 547
99 802
352 456
340 416
673 163
144 342
728 382
238 837
99 791
450 454
546 111
476 409
838 396
226 325
478 182
617 762
978 467
284 193
18 463
919 152
788 613
581 362
940 207
276 79
31 824
128 178
92 939
123 36
793 236
16 122
347 124
412 800
252 529
15 837
137 46
8 340
490 578
868 852
569 778
353 734
690 86
958 618
57 313
149 472
830 834
647 309
191 604
631 693
561 283
862 367
739 947
202 532
995 221
424 342
87 757
696 924
93 995
731 875
426 947
18 872
260 905
105 582
773 449
971 567
216 477
639 199
457 506
654 857
332 441
355 221
268 872
133 539
318 169
337 771
140 580
792 783
892 705
804 990
500 368
11 509
592 783
194 726
351 990
987 590
92 59
864 359
197 673
174 156
554 104
512 751
93 73
803 613
352 961
10 754
351 234
607 751
730 418
364 561
539 511
216 369
919 65
168 463
440 620
631 259
893 297
706 686
295 742
475 79
949 47
794 40
982 111
154 620
0 304
903 51
439 781
824 779
149 760
164 497
908 248
655 908
299 751
664 587
838 312
160 789
449 165
677 401
973 487
149 9
302 127
610 742
344 412
978 103
24 935
434 569
519 66
473 613
390 710
941 460
529 429
919 69
946 979
966 837
129 920
725 539
784 934
50 51
827 878
855 455
506 669
791 494
986 132
300 155
748 392
64 214
589 134
434 826
213 982
521 336
708 453
244 117
237 72
389 245
738 916
4 810
67 297
179 110
715 645
391 480
410 158
703 439
494 719
900 221
493 913
473 707
503 43
269 192
728 567
514 208
974 751
786 281
687 279
80 562
547 280
242 362
182 90
459 741
978 959
477 183
970 543
826 543
929 609
631 538
437 9
912 661
858 921
514 141
268 657
523 59
482 610
402 14
592 764
278 13
146 609
135 496
830 62
686 973
471 757
100 917
916 491
959 167
847 930
863 887
173 525
696 695
428 43
220 120
126 403
456 453
133 534
347 304
981 360
463 980
11 276
62 822
775 354
299 665
581 517
761 283
853 19
575 254
412 898
935 868
532 607
915 414
744 587
840 82
748 51
962 177
110 895
282 806
685 153
544 56
344 212
217 369
562 374
807 503
956 668
192 859
96 305
466 585
529 2
244 229
632 851
766 183
896 448
65 496
264 422
216 378
23 377
406 930
663 85
412 386
664 163
582 484
773 79
358 937
623 800
486 653
950 601
329 152
750 425
182 624
906 394
155 857
85 640
971 882
537 832
125 589
93 361
570 764
490 79
58 661
199 228
22 985
843 130
105 204
215 690
512 461
365 213
388 869
125 204
97 246
763 978
367 632
826 741
748 178
873 251
927 30
510 786
42 57
83 635
862 368
722 616
302 200
736 276
638 918
252 336
764 19
8 338
217 833
154 390
481 219
508 701
510 211
673 130
967 818
234 860
67 545
177 350
604 801
961 919
986 56
478 790
128 976
943 511
974 590
688 151
820 373
525 873
196 187
111 784
374 536
63 441
720 321
943 265
236 310
181 740
568 394
366 368
568 653
882 711
176 959
144 440
93 739
258 657
764 646
559 711
32 857
81 827
988 606
352 307
852 437
525 754
789 879
196 244
602 464
585 47
897 952
282 400
302 193
98 931
52 848
743 806
688 890
288 802
497 681
233 845
61 30
961 242
252 810
257 505
788 577
896 626
995 849
920 569
164 596
67 541
596 598
729 321
302 397
932 325
648 388
515 285
905 97
551 636
126 115
267 16
486 583
85 534
92 96
626 121
792 112
387 273
69 336
773 618
268 968
71 764
472 871
587 166
591 980
596 221
484 546
617 378
883 431
474 801
21 124
648 141
329 115
232 935
151 973
955 347
620 383
317 746
110 297
344 875
12 187
318 599
856 354
282 684
936 645
76 207
32 225
21 518
825 141
862 950
198 697
617 757
685 596
750 367
865 185
820 420
910 619
300 872
786 983
641 568
194 544
272 386
196 20
982 19
492 169
208 296
986 126
844 137
168 266
203 615
217 510
791 281
500 203
202 321
402 130
645 620
628 595
643 937
259 9
485 177
54 487
427 185
191 193
813 183
406 311
341 830
618 753
319 292
808 137
999 727
337 611
242 267
299 2
803 140
525 367
935 505
79 393
940 112
560 367
145 39
799 442
586 156
949 225
845 141
904 751
686 263
285 346
179 223
16 274
967 685
467 580
478 77
295 642
315 343
935 109
7 326
126 296
539 483
755 915
105 387
310 422
237 628
566 276
174 106
273 346
977 409
337 1
837 588
174 182
752 595
877 795
610 849
413 804
839 65
629 85
265 390
64 972
293 846
836 162
614 454
853 553
28 815
262 183
838 924
594 545
353 400
302 541
750 473
109 669
808 319
12 519
612 248
217 871
685 890
73 790
502 271
509 369
768 859
767 596
423 184
176 930
452 240
411 510
90 806
97 13
966 195
677 43
792 944
737 406
106 115
966 439
984 310
244 429
64 542
261 599
164 217
131 14
447 694
920 59
150 347
590 563
479 959
953 985
729 911
125 963
508 774
913 258
76 765
897 737
110 930
322 370
820 814
502 670
704 826
406 709
160 323
762 253
335 733
893 960
214 157
340 751
474 784
820 837
999 38
544 201
428 529
667 751
986 916
468 948
435 70
946 419
80 837
542 752
391 367
493 746
223 753
76 669
486 315
448 93
279 100
601 528
798 439
797 927
552 310
728 543
969 511
770 708
144 859
181 847
631 979
755 148
179 114
468 2
479 597
182 823
910 453
194 995
444 974
391 642
265 383
230 47
245 972
686 380
840 747
978 772
897 583
822 972
635 698
682 550
329 419
460 76
656 495
125 251
955 713
543 228
318 65
62 297
41 102
45 445
383 580
290 907
547 370
234 437
378 603
926 75
623 460
403 931
892 212
375 952
123 879
694 534
970 458
881 433
812 388
227 909
950 652
827 632
724 77
285 730
379 86
708 183
230 651
173 127
317 521
277 540
504 646
822 734
375 125
649 614
171 195
581 475
233 339
344 898
825 947
626 900
513 721
421 92
303 777
149 766
168 758
252 0
804 396
135 240
600 744
124 734
648 3
731 964
928 307
513 632
554 807
776 200
626 653
174 223
761 753
750 899
315 506
435 879
977 534
500 770
161 853
519 461
324 733
641 210
339 759
209 137
191 483
765 879
18 552
990 476
482 700
306 872
285 793
927 56
291 269
205 582
273 922
337 752
142 668
963 859
478 209
327 448
923 116
397 517
62 51
515 166
291 12
936 580
285 443
971 841
315 335
423 56
768 335
592 132
409 955
220 159
288 602
996 137
679 142
951 422
560 462
817 120
151 480
576 873
564 356
230 981
500 791
969 184
871 491
214 622
502 270
559 453
505 48
853 930
32 880
328 167
231 491
144 917
990 922
591 318
754 777
436 163
77 167
912 381
914 429
558 937
293 511
730 211
411 100
958 788
301 673
429 347
995 147
243 898
358 925
90 304
628 112
317 109
444 257
362 717
269 68
978 608
181 251
625 144
865 224
270 289
300 962
412 210
837 534
220 595
80 248
483 880
803 333
236 638
145 860
688 365
4 249
597 642
465 407
997 933
798 410
198 65
696 337
488 875
965 992
270 660
327 55
254 921
440 858
601 924
848 709
5 988
647 276
569 98
562 503
302 159
744 243
149 626
440 856
581 226
641 589
355 54
546 338
222 420
32 934
648 191
690 132
937 89
881 841
445 518
92 526
45 335
302 376
750 223
785 305
302 104
678 380
17 718
866 676
792 13
293 813
996 684
333 125
809 66
372 915
833 518
850 863
780 74
495 714
813 613
214 948
11 923
267 795
864 859
689 50
450 994
535 716
840 970
469 869
356 153
906 290
678 731
763 147
630 524
644 673
380 841
748 39
59 972
781 361
793 580
426 695
352 578
758 139
943 887
748 101
742 229
619 200
893 384
775 843
220 488
537 514
971 774
312 246
612 147
625 636
762 668
485 779
586 12
956 301
903 2
493 165
987 165
735 429
398 299
810 596
533 408
693 40
897 891
581 478
864 279
723 356
545 784
353 425
274 653
237 766
581 298
703 797
936 899
920 372
160 207
426 349
624 568
183 453
906 543
471 841
179 481
883 349
205 309
865 356
737 384
65 139
363 374
905 19
385 754
712 815
799 606
973 733
326 874
561 9
931 782
235 854
376 694
173 521
424 19
721 132
904 416
949 287
31 781
79 543
840 216
242 823
257 83
220 330
951 675
936 0
667 899
990 231
999 509
743 645
329 947
405 645
628 347
830 751
503 119
951 479
112 397
587 85
317 948
359 522
149 439
799 947
677 922
686 250
925 159
387 944
161 983
545 279
323 995
545 524
168 49
797 447
914 406
887 40
395 634
438 41
209 77
73 165
978 129
23 709
935 401
872 263
161 401
885 418
412 532
616 476
634 851
67 727
694 346
279 43
833 47
996 814
151 868
663 19
157 875
677 163
994 360
425 956
866 717
953 221
627 221
174 483
938 438
215 178
135 1
42 235
817 755
243 54
391 846
881 120
581 883
741 568
514 210
671 449
931 414
277 42
527 304
509 441
621 85
544 518
775 404
319 390
398 504
70 50
922 909
893 115
903 296
502 669
488 851
318 851
240 183
300 606
5 251
216 512
600 869
254 247
794 695
222 376
381 690
85 185
274 814
560 245
870 694
630 657
133 529
326 704
227 494
962 971
609 224
650 572
760 368
310 494
238 784
780 236
810 446
193 935
21 850
513 713
591 550
75 217
820 171
345 779
999 809
578 130
341 907
530 785
15 79
370 156
753 579
504 228
949 924
693 267
565 401
179 857
55 888
883 319
545 992
124 102
839 838
826 756
988 927
17 665
975 734
430 857
945 354
307 187
125 201
951 958
220 85
697 461
152 225
618 232
977 154
865 661
27 789
171 805
548 529
501 136
660 153
94 818
555 393
168 13
12 377
405 761
176 931
461 971
467 313
360 487
716 253
631 849
271 676
206 588
551 778
555 30
608 719
663 380
600 49
476 346
953 984
928 328
479 197
397 613
174 837
191 160
622 965
566 173
596 955
715 669
831 286
401 907
570 903
340 745
555 231
400 48
482 714
597 442
530 756
333 15
390 851
903 446
237 794
877 384
647 689
655 998
187 911
770 456
409 588
961 131
916 136
88 708
135 416
480 453
735 696
403 383
663 461
820 947
259 467
624 814
114 759
617 720
444 943
793 58
37 602
762 381
848 487
601 142
495 148
112 770
151 332
696 141
977 557
561 36
950 643
146 634
581 750
767 301
928 204
189 241
121 26
187 162
705 752
845 737
359 902
828 480
420 19
524 931
41 776
301 95
242 367
392 6
302 39
735 88
641 411
158 784
157 388
763 358
999 662
498 349
750 143
780 512
286 245
564 729
499 266
766 849
544 595
855 363
151 14
484 848
864 810
76 27
591 966
411 723
987 99
978 38
359 590
922 369
740 607
178 203
841 665
52 700
548 871
809 989
600 795
540 182
269 921
682 946
803 692
306 894
164 381
554 34
702 324
735 979
11 957
126 249
432 846
353 669
949 377
58 808
855 193
231 85
901 346
149 598
962 994
180 125
288 245
656 975
861 726
797 899
514 337
465 695
479 111
414 86
762 710
77 251
151 837
421 447
126 489
808 148
821 909
273 349
667 267
245 40
998 6
513 902
179 990
353 740
168 132
188 234
423 799
299 918
196 30
96 665
55 119
868 47
559 102
894 847
352 399
357 330
237 568
703 813
888 314
604 25
354 138
3 176
272 762
823 661
676 710
722 418
351 885
804 80
260 984
979 823
960 274
192 95
226 810
570 455
754 498
982 606
278 416
657 101
481 843
929 673
467 418
898 900
736 360
149 623
29 34
629 113
135 351
629 43
226 93
731 104
174 406
87 30
385 368
783 97
303 734
861 216
413 372
608 645
45 4
384 660
407 676
306 794
172 163
943 78
344 346
491 253
332 561
171 303
143 114
264 710
827 847
892 959
643 880
186 746
92 857
441 931
475 795
540 13
596 847
427 580
109 549
657 900
217 726
144 691
360 221
836 667
63 238
123 355
967 794
220 567
849 377
985 968
888 784
290 524
301 54
268 431
31 451
658 201
618 679
7 459
181 40
298 251
762 290
508 909
186 305
778 489
640 172
671 712
720 842
202 940
643 882
583 453
996 258
750 209
30 246
973 751
168 655
404 111
344 430
982 250
568 603
829 437
52 557
20 579
581 589
198 304
27 195
3 92
285 9
755 752
466 589
395 419
870 86
273 851
945 357
903 637
436 878
52 745
702 935
635 265
620 814
145 619
991 895
684 376
352 982
445 934
566 337
686 117
638 109
723 110
197 350
510 386
943 387
399 224
675 813
348 746
576 888
888 882
972 47
703 883
750 714
456 330
717 832
576 609
385 485
775 786
675 806
957 307
929 833
607 982
497 201
258 915
17 689
478 46
332 415
642 573
807 82
464 124
31 133
475 779
242 503
265 46
712 155
850 589
720 867
832 869
214 506
291 217
230 666
264 921
589 401
634 818
731 224
249 542
133 877
353 468
628 894
443 603
769 546
773 350
633 264
91 396
104 480
257 715
923 487
976 58
658 643
840 290
644 549
961 176
391 651
527 419
260 814
825 292
435 881
320 815
188 169
107 545
986 811
37 169
198 805
494 665
405 707
679 377
920 785
938 600
372 219
365 197
10 345
459 757
68 346
223 711
560 517
935 511
42 946
93 546
996 536
912 302
687 672
876 174
375 541
534 727
380 355
206 815
951 691
583 911
675 717
229 709
892 141
179 906
332 764
70 796
556 801
946 239
966 484
748 188
841 368
519 697
739 899
702 283
405 273
482 839
904 882
156 312
527 369
33 599
468 898
451 137
942 110
795 578
838 456
575 595
432 34
743 240
79 849
21 789
381 311
744 808
616 350
57 193
961 2
445 152
564 882
484 240
528 155
439 406
71 877
658 562
961 243
861 719
351 36
151 534
32 718
246 822
479 343
868 749
799 646
173 758
849 598
70 579
320 303
803 686
643 552
854 303
963 676
340 111
776 875
173 242
149 390
387 818
21 618
337 723
587 138
636 815
650 724
736 338
397 367
475 538
30 834
21 286
680 104
92 381
592 777
612 736
421 974
423 141
355 801
511 496
278 114
309 386
622 656
944 989
803 805
333 157
356 886
107 275
479 785
428 742
806 541
882 645
194 475
290 859
866 306
544 936
295 702
146 383
761 113
798 703
705 925
161 350
384 396
696 601
918 240
988 661
134 635
83 837
678 820
344 288
462 85
961 337
210 454
478 553
687 396
701 714
238 546
2 369
160 460
468 437
963 402
641 613
482 483
202 196
824 737
397 79
14 653
730 416
395 337
608 132
189 649
779 782
409 835
528 377
284 362
427 409
648 281
998 418
215 412
232 865
947 487
302 488
328 882
540 619
912 775
20 880
173 345
427 429
318 443
839 117
810 95
803 973
441 783
984 13
375 731
488 909
957 547
261 175
471 515
330 453
946 187
286 858
845 28
976 494
227 712
780 543
773 315
308 48
465 312
193 380
501 431
867 335
745 690
198 653
776 709
476 287
445 802
605 841
374 206
436 778
815 43
312 524
340 211
953 153
868 279
825 824
497 832
226 439
308 795
59 518
529 757
286 642
791 759
558 435
177 695
570 472
987 908
755 60
543 166
608 124
654 484
666 971
479 588
503 289
744 113
441 727
540 590
467 823
363 708
803 347
647 90
806 455
339 279
329 539
547 470
730 1
16 491
845 298
29 379
308 614
791 488
731 659
986 17
899 818
831 532
737 930
186 799
938 819
575 182
912 582
258 372
22 359
192 170
647 265
680 927
80 299
587 645
702 384
147 169
365 889
45 697
226 442
565 248
431 287
470 584
667 814
896 950
32 429
621 761
832 709
38 719
367 311
451 503
923 170
950 663
947 832
827 240
21 378
672 183
160 380
445 568
793 782
502 428
961 599
706 652
284 801
763 504
22 568
535 581
788 605
803 759
128 102
11 229
509 753
604 494
80 869
286 964
0 714
645 489
337 287
149 810
26 253
10 452
777 879
22 220
914 304
194 156
996 484
93 908
701 274
59 138
599 470
962 336
173 331
836 686
877 609
383 117
99 881
797 681
474 878
508 458
560 881
970 549
198 442
153 538
831 577
465 153
754 934
5 403
399 590
997 228
711 595
781 611
348 455
391 950
184 15
649 92
295 197
576 792
67 443
156 503
252 606
604 79
674 19
367 719
399 892
375 590
482 136
344 299
142 120
222 921
223 16
238 165
701 221
328 946
341 839
210 346
134 700
451 433
527 729
504 729
825 47
106 567
904 184
285 335
828 993
227 121
984 212
493 870
386 211
544 252
427 100
868 44
701 848
389 693
302 992
110 166
553 963
913 853
892 552
545 692
339 829
176 609
128 948
243 110
345 139
926 350
664 301
696 971
524 811
923 141
618 604
508 380
31 683
785 99
831 251
732 511
259 239
741 934
261 219
760 892
990 825
448 634
137 185
581 114
745 506
514 462
722 480
683 606
988 744
973 330
955 251
158 97
187 279
623 319
105 355
821 312
664 182
877 733
990 691
153 130
827 222
629 420
547 692
634 975
901 10
840 808
693 97
225 749
306 993
70 225
656 911
553 891
128 791
430 981
995 982
550 265
957 898
718 330
125 245
995 324
71 837
944 102
191 916
182 788
639 517
738 182
530 167
140 51
270 557
260 572
210 602
743 490
341 538
429 933
419 849
942 93
515 142
343 636
728 178
740 386
722 648
971 419
323 336
109 170
961 317
285 65
800 239
230 314
54 130
178 470
794 47
284 929
482 757
721 729
644 303
701 991
53 207
730 363
591 881
675 860
181 462
548 585
196 754
129 645
4 580
520 500
325 297
242 348
689 563
512 676
699 503
845 985
190 237
854 433
556 863
780 545
795 296
269 708
80 754
261 444
916 374
576 422
932 50
634 58
759 657
476 199
994 147
378 26
572 613
129 321
959 82
591 830
259 6
641 810
71 570
564 8
44 707
212 997
890 518
830 913
937 709
149 676
135 645
33 878
84 778
824 346
215 782
365 145
150 152
230 739
267 665
982 759
385 808
896 406
682 754
62 524
52 585
154 924
438 787
353 764
182 473
740 111
674 0
781 234
249 717
391 951
5 54
432 318
121 851
471 751
439 739
718 77
365 424
436 877
322 374
341 981
493 941
96 891
447 646
44 642
814 598
190 842
227 530
780 480
302 536
457 555
777 313
582 490
826 959
272 512
248 136
143 774
196 780
858 820
358 518
857 842
702 59
659 574
901 529
948 101
537 843
731 527
516 879
720 974
303 695
306 497
474 141
775 137
472 689
923 622
152 789
904 752
546 729
650 971
282 345
127 968
591 806
146 313
723 396
351 125
949 591
299 0
84 661
136 557
844 96
360 148
570 296
519 585
614 517
270 480
635 948
970 573
63 263
302 551
649 486
196 709
631 45
700 48
262 834
768 220
920 404
791 915
555 825
874 756
769 69
940 178
188 140
565 993
542 354
764 881
244 959
501 552
510 954
974 126
416 336
887 774
730 184
993 121
770 524
513 477
968 89
310 110
975 895
92 663
70 240
647 88
67 913
725 770
255 640
459 34
65 963
324 120
672 6
320 743
969 719
759 357
380 178
209 419
398 752
274 860
354 343
17 647
570 691
373 418
625 656
513 536
219 758
702 795
339 210
227 799
647 264
612 90
49 524
904 400
354 60
361 224
282 624
205 987
804 68
58 464
52 387
764 172
888 97
204 309
537 891
235 720
332 917
151 137
484 753
610 993
202 956
20 199
839 587
405 312
284 871
252 474
558 245
560 339
308 366
478 283
400 887
838 811
527 753
398 118
744 208
763 928
5 721
783 587
819 746
757 47
236 359
365 113
598 939
697 907
459 869
463 30
112 590
648 647
302 582
570 605
767 443
371 43
399 414
823 141
705 505
885 939
457 977
22 301
696 172
458 590
71 607
388 390
126 871
572 373
57 781
544 629
217 602
353 551
659 309
244 593
212 886
432 698
650 610
385 851
663 162
353 573
411 882
425 719
328 847
731 362
384 377
161 509
493 384
24 814
244 369
986 753
8 585
191 311
687 713
351 241
748 784
630 153
438 467
184 60
194 424
793 749
296 758
272 225
556 700
901 158
486 613
731 705
957 525
683 148
523 690
696 204
471 150
332 675
499 922
158 40
61 505
649 619
271 224
325 632
114 646
866 616
306 461
999 292
753 657
649 873
226 737
137 334
18 938
394 26
425 165
898 313
391 881
798 647
953 124
195 921
463 147
247 635
998 784
671 266
773 631
649 79
243 684
405 163
477 228
64 712
21 480
583 948
167 47
624 97
881 757
742 253
687 610
453 709
431 414
516 542
854 409
637 719
727 453
839 717
836 197
703 911
233 544
73 779
610 488
871 811
230 825
893 465
382 454
149 574
883 771
275 872
623 689
168 474
96 484
322 733
520 206
633 971
490 137
810 551
87 987
525 422
409 281
438 599
449 1
627 270
428 355
912 385
327 430
564 910
421 161
17 412
118 88
144 913
78 435
244 691
965 408
52 187
423 994
915 207
564 976
436 122
237 455
966 350
114 975
684 971
285 542
977 305
17 173
812 476
120 60
883 646
649 771
486 618
746 605
451 534
387 280
560 832
142 934
425 822
183 934
547 77
260 548
968 886
755 270
64 209
735 6
807 149
175 900
530 995
301 559
675 913
49 81
42 16
601 283
559 588
52 770
320 685
837 101
803 694
874 610
678 841
545 713
663 170
298 177
899 707
107 376
883 750
650 747
392 758
462 467
223 549
190 126
888 39
527 757
625 125
988 937
586 205
182 2
698 60
365 92
232 822
923 229
912 619
978 359
448 501
694 357
672 536
273 62
540 19
493 903
24 166
929 401
81 684
249 599
444 447
481 759
551 229
929 954
487 584
78 27
42 165
629 402
233 573
986 426
664 567
171 422
984 303
354 590
961 340
269 60
831 679
986 969
78 873
868 172
175 275
91 573
42 69
914 974
62 734
774 948
323 422
182 522
648 345
918 816
12 240
686 370
962 607
602 911
315 293
198 78
247 33
487 393
551 639
218 939
501 383
59 33
945 894
561 369
684 407
594 782
164 521
217 357
367 818
970 13
502 731
125 984
508 427
591 38
106 95
582 919
134 880
703 643
685 480
262 203
664 971
495 170
520 481
458 952
209 636
493 160
299 210
223 294
174 453
876 640
966 267
737 571
45 938
589 536
375 530
508 746
333 340
255 954
633 805
535 383
17 908
203 842
556 730
863 878
942 406
257 473
725 801
392 97
703 276
326 329
831 580
361 668
950 313
342 820
717 719
642 14
298 714
926 580
424 825
753 843
11 587
42 306
28 455
542 698
112 573
483 50
887 104
566 217
544 187
28 719
999 574
214 287
936 531
889 85
31 779
231 165
767 185
675 78
486 258
935 101
280 536
105 563
438 963
572 697
432 494
18 962
750 264
473 851
18 702
137 455
988 117
906 30
323 243
617 165
553 187
853 790
237 383
109 303
568 789
958 965
399 846
883 374
351 652
421 873
473 580
617 941
364 146
450 965
339 251
123 470
914 632
960 10
784 38
780 314
761 875
243 349
487 661
471 764
943 276
631 696
942 387
817 255
830 248
116 880
576 350
703 179
452 572
194 77
367 673
679 354
92 184
4 372
59 243
199 726
22 238
844 46
529 842
804 121
21 461
628 934
392 881
731 351
394 225
623 458
235 470
750 959
33 141
780 548
166 521
912 841
352 922
594 414
212 639
474 965
865 148
705 401
929 192
4 484
469 170
103 165
134 403
900 496
113 578
67 960
436 874
88 347
902 362
78 757
323 319
562 9
29 350
307 670
379 778
233 305
78 898
678 915
0 343
794 57
544 557
647 121
417 308
45 78
184 110
80 110
76 159
278 48
735 820
570 497
817 91
425 116
750 68
466 224
343 538
107 118
675 240
108 924
405 306
542 296
507 425
943 154
624 737
582 127
883 41
628 610
760 525
582 923
772 487
475 579
274 30
551 443
678 934
905 65
916 813
386 336
157 349
184 498
265 700
93 30
253 163
786 595
803 711
113 955
528 420
226 673
956 266
703 403
680 204
623 758
555 360
625 320
175 658
624 983
894 630
158 30
179 73
370 753
472 305
552 603
867 489
11 72
623 416
716 73
990 826
267 46
864 589
316 341
399 562
471 264
350 422
548 946
697 563
245 117
220 964
961 483
135 423
285 242
375 140
493 379
706 317
833 454
512 323
768 279
807 960
892 749
78 300
307 245
966 867
554 342
511 695
679 30
22 489
190 531
890 583
554 695
375 500
427 109
431 487
514 987
105 3
327 829
672 818
998 464
216 290
523 329
32 45
429 786
497 934
66 593
780 265
355 639
126 402
722 73
389 300
482 975
472 639
698 815
677 601
466 814
220 789
582 63
773 672
61 212
736 386
217 418
902 347
762 178
265 588
612 701
479 777
375 367
562 211
638 582
564 242
566 877
432 490
479 848
32 480
353 590
948 752
514 590
943 234
647 290
144 872
797 99
794 529
497 611
560 512
340 934
101 89
93 726
781 782
850 643
226 701
537 884
216 53
840 536
227 674
145 672
360 98
935 119
856 992
591 990
778 931
685 842
897 393
252 778
354 1
621 26
724 279
864 949
160 383
12 715
358 309
277 915
685 16
685 331
375 456
298 884
840 318
523 927
312 89
619 219
174 418
797 410
540 747
440 296
270 868
688 644
353 560
651 545
678 148
520 12
389 869
515 715
552 451
188 129
850 574
64 248
673 111
533 805
430 894
271 157
202 542
741 939
570 401
22 446
960 419
160 321
513 667
171 91
128 326
783 377
953 414
508 918
468 580
445 142
554 713
330 422
382 939
950 972
353 56
370 593
475 203
103 745
933 849
513 711
831 818
838 86
232 354
961 868
839 69
333 565
703 702
440 178
131 980
257 966
868 177
735 834
335 239
870 673
87 618
182 872
42 360
75 815
171 380
949 476
779 979
600 825
725 286
481 795
920 524
516 111
758 101
138 952
256 589
688 843
320 300
160 219
423 88
555 787
743 919
22 895
862 154
426 918
703 136
502 936
954 841
144 319
776 871
562 668
599 404
963 611
33 374
149 385
131 538
129 857
272 328
257 251
306 744
204 221
574 557
586 585
459 487
8 224
968 911
78 877
376 584
612 661
502 848
66 751
812 23
540 834
904 720
68 952
730 192
202 246
767 510
646 717
936 990
22 806
328 222
72 711
527 46
608 463
901 392
362 857
282 872
340 729
67 549
856 630
41 779
473 968
299 895
949 460
713 453
127 637
419 991
245 710
126 490
317 51
558 633
836 761
780 420
35 118
473 304
641 624
804 907
848 155
649 343
434 262
553 837
779 506
754 63
87 90
152 884
469 627
502 329
881 661
650 197
416 9
627 977
688 13
430 736
888 9
957 132
135 427
190 376
202 726
995 170
213 880
190 656
401 120
890 222
755 717
827 422
744 218
421 167
214 826
966 666
943 419
500 745
133 62
76 708
37 76
135 349
252 809
926 470
282 978
649 791
75 201
558 288
444 938
903 433
51 47
447 946
339 497
479 145
688 933
649 169
188 37
946 947
780 684
664 328
475 854
854 979
601 532
897 654
51 557
471 313
563 911
760 400
702 171
605 653
969 44
278 664
674 517
58 460
525 742
18 663
667 563
145 529
179 178
215 3
409 47
78 115
272 891
929 330
818 115
196 462
729 657
365 777
88 632
836 937
222 801
290 297
627 500
760 68
651 96
385 480
285 640
352 742
350 79
838 806
112 304
18 806
41 673
397 737
326 954
917 48
514 446
260 69
515 526
42 965
170 47
812 867
392 838
448 104
883 65
833 640
780 760
890 425
34 446
460 95
926 917
20 357
949 825
423 255
466 791
740 690
457 925
177 577
677 898
458 871
804 673
771 265
92 739
299 588
309 790
897 103
654 73
946 900
445 355
810 50
378 772
421 736
103 88
398 424
850 254
977 690
35 59
62 635
772 786
552 56
457 175
174 96
207 567
333 310
575 411
491 496
105 343
960 857
277 313
954 453
778 603
903 921
423 9
612 664
776 921
118 562
295 367
114 552
436 998
105 322
912 578
629 593
239 384
544 755
157 47
610 734
544 114
797 319
233 398
609 480
775 635
836 637
186 192
945 486
41 567
423 498
483 697
440 873
276 653
762 402
161 640
24 212
194 342
983 313
890 596
359 402
748 440
256 657
440 990
379 918
196 410
234 422
230 492
90 700
204 138
444 805
217 982
528 82
539 521
685 121
616 765
242 874
659 167
949 390
574 369
200 851
252 710
632 652
286 872
10 506
416 569
878 665
504 750
242 630
218 66
705 119
943 781
96 439
586 855
570 861
896 241
237 49
309 841
576 726
420 933
261 569
751 110
596 212
410 568
272 819
953 739
137 241
740 829
468 720
364 844
77 86
575 753
736 636
711 229
443 314
908 195
517 224
405 600
569 726
852 94
831 711
893 977
982 635
413 739
263 245
840 295
535 987
648 987
197 174
989 451
275 852
169 98
483 577
413 916
608 931
136 626
736 273
110 822
660 816
18 302
586 169
745 56
110 784
319 131
230 497
750 396
405 956
602 455
693 266
512 111
543 384
87 777
247 789
232 443
771 774
493 588
271 598
809 367
827 613
173 620
937 356
370 225
133 746
327 546
269 690
878 968
144 954
520 808
565 824
674 363
389 528
679 968
459 428
918 187
509 998
540 74
299 124
432 407
154 156
385 634
958 397
326 868
735 536
215 696
780 588
892 577
443 222
836 499
455 336
340 879
324 661
353 735
135 170
609 802
718 246
956 36
499 65
286 680
198 785
75 990
149 987
461 279
19 719
341 801
771 700
376 51
831 690
49 783
564 106
855 46
140 757
823 9
443 994
375 907
683 976
895 26
59 265
609 346
809 455
386 36
135 897
942 957
961 540
208 796
523 673
907 453
674 103
430 598
579 964
218 388
189 629
389 708
107 902
278 394
502 303
327 435
951 497
581 765
105 226
889 221
316 800
421 721
596 281
118 110
754 727
547 900
12 843
919 779
542 818
160 148
751 304
319 383
759 338
566 654
612 966
466 654
579 816
203 886
630 921
389 313
63 362
254 778
338 917
706 969
450 578
320 140
306 147
545 43
658 255
504 902
343 661
198 162
625 762
563 117
877 602
766 757
444 414
444 398
307 85
410 167
208 669
59 183
855 380
763 394
852 454
732 55
236 509
577 640
58 491
535 588
99 462
174 297
273 166
856 539
463 347
617 846
219 246
46 992
724 34
575 294
621 867
37 388
696 898
518 13
586 37
44 201
803 560
654 596
461 46
443 350
245 346
488 637
755 366
743 551
728 739
621 586
424 409
543 13
558 647
625 111
438 97
547 765
218 980
592 193
173 532
776 585
522 587
923 788
31 770
988 653
438 595
174 238
826 120
863 929
807 247
99 122
409 805
534 336
92 753
421 144
28 150
671 947
718 924
803 750
585 406
667 334
650 953
263 846
619 14
478 184
624 238
182 269
766 251
493 292
116 578
412 919
293 881
546 823
320 284
974 875
513 172
581 53
548 431
664 458
643 843
54 433
821 496
951 783
461 101
840 477
136 806
947 860
792 658
17 506
362 997
556 673
299 249
267 768
988 365
298 96
683 290
288 386
66 420
544 934
145 869
214 905
844 785
766 720
617 133
90 228
514 318
339 828
279 611
30 851
523 922
434 799
223 911
355 764
616 736
107 165
687 522
16 418
882 717
271 477
958 531
235 774
982 97
329 781
471 691
342 733
540 714
142 839
981 305
442 386
376 98
890 370
783 980
11 553
398 996
837 221
214 381
760 372
858 299
965 89
449 318
931 305
853 357
678 505
48 74
152 245
395 598
258 25
59 521
885 997
617 112
64 455
885 304
189 377
500 402
747 829
233 141
608 424
273 330
469 61
99 350
808 69
651 304
562 563
730 378
65 823
143 691
338 931
266 521
911 670
375 733
761 861
608 53
958 69
712 898
601 14
277 841
202 762
649 812
627 668
663 930
550 109
381 377
861 610
417 534
503 875
724 119
621 623
616 279
511 917
437 707
285 248
943 696
70 925
840 43
507 218
171 6
307 264
269 94
624 684
961 339
996 596
555 250
858 57
186 19
302 185
666 733
781 113
21 273
990 790
762 536
330 347
887 491
340 15
478 145
390 822
76 774
951 4
302 525
662 929
386 851
556 241
459 334
802 879
301 571
831 746
612 288
187 620
927 376
778 287
988 290
