100
48 81
51 46
26 4
36 1
85 48
87 4
76 51
6 24
12 84
76 59
55 22
32 76
25 38
13 93
99 91
3 82
72 67
39 73
65 27
34 68
92 98
92 17
20 93
20 41
13 77
70 34
20 17
62 97
98 82
19 1
90 41
72 82
61 15
29 78
47 7
71 81
71 47
47 81
76 3
93 9
25 64
37 82
74 80
83 86
0 7
65 71
31 87
70 87
11 96
36 11
99 73
10 49
44 41
27 16
80 49
65 31
33 10
72 99
52 48
85 15
84 13
43 49
37 62
46 52
52 4
65 91
43 81
37 24
37 0
5 18
8 41
77 4
22 66
13 4
80 68
24 73
31 13
66 60
87 67
48 96
79 62
35 24
20 88
17 7
47 20
45 67
87 60
51 27
7 98
87 37
29 87
35 54
65 53
11 58
17 18
22 82
83 55
60 54
99 41
76 26
36 20
52 91
79 87
80 89
2 98
10 95
64 42
50 62
76 14
11 54
65 4
83 57
31 96
78 43
12 45
80 58
28 4
22 77
75 97
26 5
12 95
19 68
51 81
75 42
74 79
27 87
34 82
6 98
77 57
40 79
62 81
96 14
34 19
50 2
78 58
75 16
65 40
45 7
97 73
46 41
51 19
13 23
84 88
8 96
38 82
8 58
66 81
91 0
70 32
17 82
95 62
92 23
47 49
80 2
3 41
71 1
36 54
36 59
33 43
58 73
39 7
78 95
90 46
80 57
79 66
50 17
5 75
12 56
47 24
76 20
25 46
29 17
78 39
10 66
13 14
28 64
27 75
42 17
29 34
6 64
31 27
76 58
35 3
50 54
88 67
25 51
86 57
70 2
13 34
41 19
34 98
50 16
47 56
1 57
34 96
59 77
24 1
31 28
33 52
44 98
72 68
78 55
17 97
90 44
65 72
22 69
27 64
45 54
29 5
84 92
52 98
29 40
29 53
39 1
28 49
12 89
35 63
90 9
59 2
89 14
44 34
27 86
25 54
60 64
48 97
32 94
46 48
71 63
87 3
81 42
50 52
33 94
74 6
27 11
25 97
45 0
22 18
59 11
71 51
60 97
89 48
65 64
42 94
60 63
20 94
70 50
80 7
30 16
64 41
25 20
86 63
85 92
60 82
15 3
40 30
72 6
56 7
78 54
45 78
79 37
80 48
47 62
24 16
13 43
71 13
22 68
25 67
44 69
55 34
33 55
61 59
51 69
47 11
27 53
31 48
72 88
47 15
74 33
87 10
4 9
53 30
53 11
37 11
10 43
72 96
61 84
5 91
40 5
23 42
85 96
8 57
72 66
95 56
70 38
3 23
84 10
55 54
80 13
99 56
37 57
40 34
24 14
41 7
90 4
39 87
59 13
83 88
91 68
28 10
63 58
84 35
84 43
56 18
35 23
43 57
41 73
61 64
22 56
59 88
2 47
47 92
34 11
93 11
34 81
83 10
55 86
95 98
44 6
84 20
66 41
32 39
6 34
61 18
50 92
46 75
19 30
39 22
70 89
40 95
25 35
32 35
21 92
89 73
76 95
11 0
40 98
40 43
17 96
77 96
86 34
75 0
70 19
53 1
10 96
90 70
59 23
61 19
45 20
37 1
32 8
78 52
29 8
77 3
6 37
7 18
93 62
22 9
66 94
32 85
88 62
35 8
21 54
28 51
8 18
76 52
80 24
28 93
55 18
78 41
99 64
36 30
26 93
10 24
12 63
87 97
31 38
26 62
76 85
34 9
21 16
57 94
89 84
21 37
0 49
36 42
24 0
61 40
26 42
46 96
3 58
92 5
2 41
78 68
37 41
80 27
29 37
61 81
32 97
20 82
25 47
1 18
32 62
83 0
65 78
64 96
62 94
90 97
89 15
80 84
27 20
78 7
77 19
55 60
61 2
5 69
44 49
79 50
6 30
61 80
45 99
5 56
79 34
8 69
2 16
47 64
66 77
93 30
99 67
85 94
75 54
79 88
51 3
27 81
1 0
59 5
51 4
23 7
31 11
92 66
61 4
96 94
76 4
35 88
21 22
34 24
43 54
11 62
87 55
28 0
37 5
63 98
53 94
70 73
79 81
31 88
52 23
3 96
89 60
79 82
72 35
55 66
36 78
50 96
88 69
79 60
65 66
80 73
74 95
77 5
10 62
80 85
97 7
66 56
52 30
61 52
45 39
59 66
13 62
89 22
39 34
51 13
95 75
5 3
65 45
88 23
79 2
36 16
83 19
43 14
46 4
95 37
40 97
47 18
33 91
23 30
26 63
25 26
21 48
23 56
80 4
76 93
99 94
38 98
74 56
92 30
45 40
89 20
85 69
10 9
27 38
60 1
62 54
79 86
71 89
12 7
9 73
51 2
36 99
27 93
66 3
61 44
59 91
83 42
55 15
21 13
40 44
2 81
78 91
53 75
99 18
88 9
80 54
40 14
47 86
44 82
90 33
28 40
27 19
57 7
25 14
12 27
13 0
61 14
34 7
36 74
46 62
78 94
85 24
21 18
44 10
46 59
32 75
91 94
32 24
35 94
64 17
46 67
0 16
50 41
36 31
29 21
47 77
17 49
27 5
72 7
61 9
15 53
39 60
84 6
49 30
71 56
4 11
71 0
59 38
6 5
95 20
41 68
52 6
40 19
78 40
51 18
51 75
72 75
44 5
53 38
2 67
24 17
44 88
36 38
52 75
12 24
38 0
62 56
26 14
85 53
8 14
55 75
2 24
9 62
44 7
61 43
13 17
36 68
50 24
29 51
8 54
78 18
26 75
61 74
5 62
20 9
38 69
72 85
84 93
72 44
73 94
12 44
46 18
60 94
42 69
25 0
15 86
32 54
74 54
65 67
65 75
26 98
61 69
77 60
95 1
89 0
23 81
25 95
37 18
44 22
31 24
42 97
78 26
59 47
30 94
78 5
52 57
90 87
45 53
8 13
71 79
31 81
36 39
80 88
15 43
32 0
2 4
5 9
53 99
26 97
71 62
95 47
76 83
58 97
77 75
92 20
13 98
45 62
25 84
33 0
89 19
41 30
20 38
31 44
89 11
32 5
90 19
95 6
85 91
64 24
50 60
73 82
32 82
40 88
60 81
60 53
92 42
36 3
3 38
88 11
66 23
5 48
4 24
21 41
74 68
65 10
64 62
21 47
26 38
47 37
65 98
60 62
40 3
37 99
76 55
2 18
74 4
87 52
85 20
50 34
52 63
72 46
39 4
22 23
86 3
65 63
33 30
28 48
70 62
19 73
76 37
84 15
26 48
29 84
88 68
50 8
66 88
43 11
21 3
33 26
49 14
41 58
90 84
42 14
32 96
31 56
31 20
5 34
59 81
85 19
28 30
36 73
64 0
47 3
55 21
80 42
29 94
75 19
83 58
53 98
59 8
32 17
88 54
34 99
90 16
66 58
76 24
4 56
84 50
69 57
8 73
8 2
4 54
36 32
26 35
74 8
76 67
44 86
72 10
27 10
27 13
40 4
35 55
90 89
26 7
51 94
46 47
3 7
66 68
80 66
28 86
33 14
8 92
6 91
38 11
74 17
4 73
39 97
6 67
70 7
40 35
38 19
45 22
59 86
51 53
29 46
72 93
87 17
51 7
33 19
45 13
5 99
65 39
12 57
51 16
12 40
63 56
59 73
89 8
45 94
12 5
53 81
72 64
7 94
53 18
60 98
46 98
29 38
61 23
32 13
59 37
76 75
43 91
84 62
35 48
41 11
4 75
65 19
77 34
70 1
60 30
76 11
56 57
50 4
45 57
84 79
95 34
71 42
78 48
45 35
74 31
4 97
2 62
35 85
74 88
88 91
70 51
45 63
71 41
22 5
45 44
66 99
1 56
92 9
95 52
50 35
66 98
89 43
86 20
89 87
44 87
46 95
9 69
81 54
13 56
28 15
77 99
90 26
25 76
92 67
77 14
3 1
27 7
36 53
93 63
25 58
19 17
45 32
72 8
59 49
48 94
62 16
95 54
72 81
16 82
32 48
43 58
61 46
10 22
76 34
28 62
33 41
55 94
86 88
2 68
44 50
59 92
52 14
89 3
74 81
99 30
32 28
38 57
90 48
40 57
89 56
32 55
42 30
9 16
22 11
6 23
33 16
78 4
0 54
90 14
15 24
72 18
95 64
40 52
74 22
61 13
33 60
45 83
73 16
21 20
48 42
63 82
83 63
25 98
28 42
61 38
85 56
90 35
8 30
26 47
25 8
45 42
13 38
95 9
7 82
33 47
20 53
40 54
25 52
81 58
33 68
83 50
81 94
21 56
40 49
5 57
21 23
71 4
45 29
39 21
11 91
65 23
3 34
10 97
96 73
79 67
52 96
12 70
85 22
87 2
87 0
75 96
8 37
61 33
83 7
74 21
22 0
83 1
50 98
21 82
2 82
78 96
35 38
55 69
74 69
8 94
50 85
25 57
90 5
65 38
39 24
6 75
2 91
34 42
31 0
61 87
25 96
31 35
41 97
21 88
56 96
90 50
29 1
39 63
59 56
50 49
12 1
59 26
84 82
8 55
20 42
88 17
55 77
70 93
22 3
79 21
44 16
74 62
77 54
12 19
99 17
72 97
83 43
31 49
4 38
36 67
29 63
43 93
59 68
31 3
96 16
46 58
32 69
22 20
86 54
45 25
84 19
26 43
51 6
5 43
41 1
72 37
84 46
50 10
25 59
90 32
89 66
88 49
72 60
89 55
35 86
49 94
89 64
29 56
72 39
38 56
46 0
99 68
85 98
3 81
70 4
28 34
33 82
36 56
2 43
22 98
54 94
35 22
40 26
90 94
34 16
71 27
97 98
86 49
40 73
26 60
84 3
46 60
62 68
78 23
13 99
90 92
52 92
39 79
12 26
36 21
52 1
53 7
70 64
10 55
31 10
24 57
29 73
2 66
63 69
5 96
12 79
36 86
59 53
41 67
78 27
47 6
64 23
65 61
13 96
36 15
74 30
46 66
78 33
77 73
45 58
10 7
95 94
86 11
36 41
76 35
63 14
48 17
34 30
70 46
46 94
44 39
95 23
90 21
32 79
63 17
52 13
62 57
59 6
47 73
43 23
51 85
55 47
93 38
27 79
85 13
30 14
45 85
89 50
86 69
80 46
39 16
52 37
71 57
50 91
58 57
45 15
74 75
71 96
81 30
52 42
55 57
93 96
71 32
4 49
65 76
12 23
79 41
21 91
86 5
93 14
25 2
28 38
46 44
35 68
90 34
26 57
95 19
89 39
78 38
53 16
84 75
45 31
25 71
53 42
48 68
22 94
15 37
55 68
32 40
47 48
36 22
8 86
85 49
45 77
34 23
8 85
5 49
76 13
93 75
76 82
65 25
21 6
65 26
12 99
31 2
95 97
28 94
2 53
12 11
45 41
81 91
93 56
40 50
13 67
68 98
76 44
50 37
10 99
50 82
38 99
37 3
4 69
74 1
80 52
71 28
0 73
3 16
35 64
9 24
72 3
50 30
10 14
63 48
25 15
29 86
90 47
36 98
39 0
23 82
29 52
54 73
25 66
66 9
45 74
66 5
89 54
61 75
70 27
92 81
45 60
86 97
51 57
25 69
84 58
35 7
35 91
87 41
87 42
92 56
63 81
35 19
33 46
32 84
32 37
45 73
47 82
67 54
15 99
65 32
48 49
21 81
25 21
71 23
99 62
32 7
64 56
15 4
81 73
48 91
89 28
65 18
65 90
2 42
36 34
50 95
45 95
83 62
79 22
74 50
59 19
84 37
36 87
46 13
11 30
66 1
2 15
46 21
69 97
25 81
72 23
31 83
95 55
25 6
58 16
28 50
74 82
88 73
86 37
44 81
6 19
78 35
83 39
37 77
50 64
17 57
2 0
85 62
72 40
26 22
95 14
92 1
29 47
32 11
59 43
36 88
84 98
52 18
90 17
47 30
65 89
33 63
10 68
51 17
37 96
27 17
50 5
69 30
69 14
43 56
26 21
77 94
79 57
6 60
88 56
80 67
71 20
83 4
57 73
13 3
34 48
28 73
97 68
84 56
72 22
70 98
29 77
12 88
3 97
34 54
33 1
80 92
80 0
27 8
64 1
85 66
66 48
29 41
59 69
61 8
6 4
73 7
40 47
60 42
56 98
27 52
99 49
57 82
87 30
71 43
47 22
12 93
28 75
51 77
25 17
62 1
2 22
85 9
38 49
93 81
78 8
51 14
47 1
55 16
72 52
76 62
74 59
67 11
87 8
95 21
40 85
50 42
45 10
19 18
3 60
17 58
68 18
43 64
78 30
90 85
28 97
79 15
85 16
3 9
8 64
42 58
15 63
8 97
39 15
7 14
4 23
43 1
50 75
15 52
28 3
67 81
32 51
45 34
78 98
80 99
61 11
71 55
89 99
79 49
13 66
90 8
15 82
79 97
61 28
1 82
40 23
85 34
74 91
4 30
44 56
91 18
84 59
79 20
76 68
22 60
40 48
12 13
80 8
6 14
99 23
77 68
77 53
61 86
47 67
57 97
8 75
59 96
28 47
70 0
87 57
22 42
55 38
99 1
58 18
76 42
61 35
24 81
70 60
79 14
11 57
34 17
34 60
80 5
60 38
61 7
61 20
26 66
50 9
25 32
71 29
59 94
45 16
83 75
88 82
74 55
26 54
6 3
13 63
30 97
59 48
66 0
87 9
31 43
55 23
74 63
44 23
47 53
71 7
32 22
64 30
42 57
32 87
89 78
84 57
59 58
32 78
32 59
67 57
88 41
37 67
80 75
71 49
80 64
51 97
50 55
75 91
8 4
43 53
93 7
32 20
28 91
8 11
74 2
80 78
28 14
21 30
55 14
54 49
88 18
91 57
6 96
70 28
43 67
22 37
84 24
90 81
32 21
2 92
36 18
36 13
26 95
78 66
22 58
45 26
60 23
48 69
25 74
23 16
44 3
55 85
24 42
39 54
31 16
70 8
72 43
26 17
6 69
84 28
93 69
29 82
25 93
70 42
79 8
86 94
85 6
38 24
76 88
5 38
71 68
38 16
61 79
79 53
50 0
36 45
55 2
6 93
32 47
29 88
26 68
85 43
13 49
35 82
67 69
43 96
40 0
39 86
47 23
9 81
36 9
47 58
59 3
47 9
71 93
29 75
31 79
67 14
44 47
38 73
8 15
48 58
20 56
74 60
52 19
39 8
25 18
10 37
89 17
33 87
21 67
41 81
6 94
79 9
29 31
74 97
25 53
72 55
87 95
20 68
51 93
74 7
38 75
65 7
80 34
86 14
85 5
53 17
52 11
45 79
66 62
28 21
12 58
33 8
34 63
39 10
79 75
20 48
46 88
59 67
58 56
21 77
87 49
22 48
84 86
51 20
9 98
12 61
52 7
36 75
90 64
40 63
6 1
6 42
87 18
87 85
52 68
10 82
26 88
35 14
84 97
57 30
71 5
58 14
34 57
79 99
61 5
81 98
48 24
31 9
90 68
12 67
11 97
70 84
52 49
93 88
31 78
25 63
21 5
63 94
26 52
93 91
27 23
47 52
24 91
59 85
74 64
70 80
32 64
45 90
65 11
13 97
26 37
36 92
34 75
44 55
76 33
36 63
93 54
13 1
31 77
12 83
40 2
49 82
71 64
27 98
63 19
79 64
71 69
40 96
33 2
44 91
69 18
86 81
75 9
68 7
88 81
10 26
71 26
20 67
35 18
89 96
51 47
54 82
15 91
45 80
0 94
37 7
90 63
12 81
84 30
50 47
60 58
60 67
55 99
76 50
70 96
90 80
71 87
22 24
54 97
20 34
44 79
3 24
80 63
41 42
63 67
80 30
68 94
31 69
22 6
29 39
0 18
43 68
36 33
3 64
63 30
45 64
40 37
31 47
27 9
74 72
23 1
80 51
70 52
29 32
55 48
71 82
46 17
74 29
99 96
65 5
80 39
36 28
6 88
42 82
61 53
21 58
89 92
33 98
74 35
83 68
40 92
32 98
78 1
27 47
86 42
0 82
77 82
92 53
20 98
41 54
77 63
93 49
8 23
61 34
33 92
72 56
31 37
12 0
47 69
61 32
65 14
71 72
27 50
31 84
27 30
90 55
36 50
65 97
81 17
65 1
78 10
27 3
77 91
61 31
32 99
28 5
78 76
57 68
36 5
36 6
70 48
19 97
62 7
61 99
77 81
9 17
27 99
10 69
95 11
36 57
75 67
55 43
27 54
2 1
25 44
72 79
85 67
45 91
12 14
89 7
65 69
2 85
1 58
46 57
45 11
65 46
40 15
78 69
65 62
33 56
28 68
50 57
59 34
31 68
40 27
71 59
61 30
62 98
99 57
84 95
26 55
85 23
50 56
45 50
66 38
88 0
31 53
3 68
8 43
90 15
2 58
28 58
74 92
30 73
29 68
10 67
52 62
37 69
29 96
70 78
34 62
25 56
41 57
89 16
92 24
66 93
90 0
10 35
33 18
90 79
85 4
79 47
63 97
95 88
79 77
74 76
79 73
20 77
79 13
6 63
25 60
36 94
83 16
2 93
8 17
55 6
79 1
95 3
18 94
87 15
20 43
45 76
43 97
69 16
70 17
63 54
26 58
28 2
71 58
59 87
78 88
83 87
1 98
64 7
50 67
39 35
76 0
29 83
72 89
31 6
2 57
50 97
66 4
28 26
46 3
90 66
90 56
90 99
48 0
13 5
74 49
15 17
90 60
61 97
69 98
25 86
33 24
28 6
60 14
71 2
63 73
89 5
39 41
90 75
65 83
12 43
46 92
61 88
69 96
97 16
67 58
95 82
68 16
22 99
61 21
52 56
59 24
44 48
72 54
92 73
74 23
45 70
83 17
40 41
33 99
44 42
15 34
61 17
69 82
28 54
72 2
66 42
27 1
64 58
63 49
92 69
15 93
21 63
35 34
50 66
87 62
27 2
3 14
65 30
31 63
12 42
92 38
50 73
78 22
59 97
95 92
41 91
21 49
29 14
29 22
