100
93 64
88 15
71 96
4 50
16 95
98 62
44 48
68 12
93 82
6 33
4 98
65 32
60 10
62 32
55 51
57 72
88 83
20 99
87 68
46 25
74 25
12 63
21 86
45 80
59 91
68 84
51 36
74 24
2 54
47 65
37 25
97 48
90 96
51 48
68 67
99 22
30 63
80 35
74 63
26 10
33 98
99 73
46 50
9 83
57 0
43 67
71 92
2 70
58 83
46 12
28 18
23 66
59 49
14 40
41 25
21 35
97 71
10 64
9 72
88 84
58 19
93 25
75 96
93 54
33 7
17 62
49 82
16 31
37 5
39 37
34 1
10 50
72 29
17 49
14 38
35 96
77 82
1 48
68 85
22 98
40 86
27 34
70 49
55 93
12 79
35 53
71 52
77 59
57 50
21 67
21 36
2 88
17 79
90 84
87 72
98 29
58 74
70 90
71 38
40 98
19 31
4 61
6 60
42 55
57 93
60 18
20 0
33 93
16 29
95 59
65 25
83 84
17 55
78 18
87 52
59 19
49 72
2 15
54 73
4 25
78 3
99 3
34 78
13 18
55 78
53 52
57 55
24 61
22 74
37 90
24 7
0 83
49 1
46 73
72 36
71 28
11 24
14 70
27 78
44 64
7 36
54 92
17 83
19 1
19 32
71 11
44 10
16 75
79 96
2 78
16 32
87 39
50 7
83 76
46 29
39 59
97 65
45 69
6 76
37 81
20 64
43 73
45 82
95 96
47 51
14 3
71 56
46 86
39 77
49 15
47 15
10 38
30 48
67 47
24 96
14 27
87 37
14 43
50 54
21 30
34 76
99 78
19 38
71 24
91 30
40 59
8 89
44 0
45 92
99 41
46 66
47 7
84 24
32 31
4 85
97 56
17 1
2 93
23 98
40 92
97 67
70 55
10 0
84 51
99 26
70 72
1 84
38 90
48 31
45 64
60 0
69 93
27 41
85 53
8 73
49 69
27 60
24 52
24 15
37 53
97 54
13 44
37 96
3 52
37 61
60 25
44 80
26 76
55 89
84 98
8 11
97 20
33 54
42 17
33 32
58 27
22 84
99 42
69 79
88 78
12 90
87 85
13 22
70 24
90 53
80 98
94 77
4 8
39 79
57 48
22 1
11 7
43 10
94 56
70 53
21 62
12 33
25 66
57 37
77 30
8 93
82 7
8 30
99 1
91 41
72 31
2 49
28 52
94 73
76 3
57 38
22 61
13 48
58 67
34 86
56 18
0 86
78 36
45 84
5 63
62 15
37 11
35 61
43 68
90 48
90 72
55 24
35 51
95 79
16 30
46 47
32 72
45 38
38 79
3 64
89 96
35 64
71 7
40 61
97 0
23 72
16 80
6 28
83 48
77 43
41 66
91 86
95 78
94 88
70 85
34 25
65 29
13 73
21 52
11 82
93 15
54 84
38 30
62 78
56 64
33 51
30 64
45 18
57 36
39 90
87 21
11 3
20 12
58 54
16 59
83 36
40 41
39 64
89 11
33 5
8 80
39 60
71 26
57 14
45 59
49 76
2 82
55 61
34 69
77 10
20 90
91 24
22 92
97 36
44 69
10 90
74 29
98 32
50 30
82 15
24 98
91 0
47 85
39 53
24 25
96 3
77 80
97 66
45 17
20 1
43 55
26 80
41 73
9 3
77 17
20 33
8 23
74 32
58 35
49 52
10 54
60 49
40 3
80 72
42 18
32 29
67 1
89 85
68 72
45 21
4 18
74 9
43 65
40 79
23 76
59 35
98 82
30 53
95 65
83 72
68 75
9 61
38 64
39 80
58 11
34 17
23 24
88 92
39 11
46 41
93 79
2 96
88 55
89 62
75 10
26 12
0 65
20 21
58 18
99 71
19 63
27 66
19 76
45 40
49 23
34 50
89 81
47 93
7 64
31 15
39 26
8 5
43 28
77 65
40 51
0 92
59 89
44 25
59 69
71 55
99 98
38 93
79 29
34 0
93 3
14 35
97 53
21 84
26 61
92 52
94 67
45 39
94 26
21 48
2 30
30 18
14 5
24 48
92 3
92 29
11 51
19 74
4 3
57 32
23 48
58 82
20 43
22 50
9 25
68 1
25 18
6 91
6 90
72 48
60 38
37 24
44 89
10 32
39 73
68 59
26 78
21 66
97 57
13 81
71 62
46 70
14 53
71 3
54 64
71 31
39 18
99 53
27 3
99 30
23 53
76 36
71 54
74 35
70 50
70 5
49 50
16 81
95 83
42 32
95 62
85 96
13 90
43 51
9 54
39 70
21 0
2 29
28 65
34 91
26 24
27 24
37 93
91 78
14 46
14 84
27 51
20 48
90 73
58 88
80 1
22 0
74 48
56 90
58 30
43 83
62 51
9 98
87 53
36 52
75 86
56 24
0 36
31 25
62 66
69 65
45 55
16 90
68 76
14 93
81 18
57 9
56 67
39 15
45 56
4 40
75 24
14 49
45 1
80 23
77 7
4 54
20 79
40 54
70 86
35 29
99 23
75 3
2 26
55 29
96 32
87 76
97 62
55 91
91 98
77 52
27 17
44 51
55 81
8 10
38 63
51 76
17 37
2 14
6 89
72 3
88 75
75 85
11 84
60 80
75 92
40 68
49 48
13 39
58 77
68 33
60 86
44 93
62 18
51 7
21 89
46 15
99 55
16 3
94 98
56 11
91 51
27 47
35 3
27 98
77 61
58 26
34 79
25 3
94 89
1 51
71 47
6 12
59 62
12 51
69 18
11 61
4 0
27 89
69 32
4 38
24 36
44 74
1 79
42 66
67 70
86 53
13 36
97 7
60 90
13 71
20 54
24 18
16 58
27 74
32 52
43 66
9 91
97 63
63 48
9 5
8 37
8 64
44 94
87 7
77 86
55 85
40 46
71 19
4 51
34 49
42 15
83 31
13 17
46 33
93 72
50 66
54 82
10 30
45 89
0 78
28 78
45 54
42 19
44 19
56 79
82 66
69 76
11 79
34 84
95 32
71 77
58 47
8 49
22 59
44 66
42 26
6 11
80 12
20 4
22 66
47 79
58 72
8 54
34 74
30 89
0 81
47 72
45 94
43 32
63 3
42 92
34 24
6 0
95 29
94 46
45 34
60 69
25 52
43 75
27 23
87 70
12 64
13 88
55 9
20 50
8 62
97 21
71 30
10 81
4 75
4 53
6 84
39 41
40 23
34 75
61 73
99 24
56 35
17 28
78 81
79 18
69 30
77 6
39 30
28 15
88 47
71 83
55 64
38 61
16 36
67 76
26 15
95 47
70 41
71 51
28 86
35 52
56 25
9 86
84 7
27 85
95 33
74 7
93 31
44 14
87 24
16 8
40 47
11 85
44 11
80 5
14 41
68 30
68 29
11 62
87 65
34 67
42 0
83 32
46 92
84 81
97 6
30 66
85 3
49 62
39 85
21 28
40 7
19 17
28 51
83 66
86 76
19 52
71 61
74 38
86 82
50 11
14 63
94 68
39 22
37 35
46 84
43 78
61 36
94 5
99 56
39 72
87 98
67 78
75 35
60 1
56 23
48 73
89 36
19 11
10 72
7 73
9 85
11 64
13 4
34 46
1 52
2 89
82 73
94 15
23 52
95 73
8 91
79 63
34 48
3 53
91 84
40 53
6 81
16 11
45 72
33 53
74 30
39 0
33 72
95 19
69 85
57 27
20 88
56 49
27 5
94 37
49 86
87 15
30 78
14 66
42 34
13 67
22 73
7 52
60 21
72 52
75 55
16 83
44 39
16 86
67 83
28 11
46 38
26 51
39 25
4 92
68 52
30 86
95 84
96 52
97 44
95 23
8 65
39 36
22 65
55 90
67 37
49 93
36 15
20 32
8 28
99 65
43 76
90 89
77 31
5 81
70 54
41 33
4 7
24 63
14 1
86 31
27 25
8 0
45 93
13 11
8 83
43 21
6 19
47 62
95 11
9 32
62 64
67 53
11 36
1 82
17 24
77 51
94 47
8 50
54 24
62 61
88 48
40 56
20 25
93 36
2 73
47 86
57 67
70 96
45 3
90 25
1 32
8 85
50 84
94 17
70 76
61 66
17 15
91 11
24 82
50 72
12 23
67 32
44 59
37 33
20 77
97 9
60 67
57 92
4 55
39 40
88 28
30 65
20 76
6 69
95 88
21 93
16 69
98 63
90 5
95 41
23 18
49 12
6 7
14 10
79 51
17 29
75 29
77 32
44 7
22 60
74 1
95 68
51 66
40 29
60 7
75 73
69 66
42 53
74 52
97 8
46 26
38 66
60 30
42 98
54 62
70 75
14 23
58 95
83 29
93 85
97 18
17 72
21 98
94 59
19 88
58 55
68 82
22 12
44 90
26 65
46 85
38 96
97 47
16 44
83 96
26 23
20 68
77 24
58 12
80 85
2 38
70 12
26 41
57 75
75 54
68 91
49 31
27 33
89 5
95 63
27 63
32 64
49 89
88 10
42 35
0 32
8 90
43 26
38 62
13 53
59 92
95 85
