100
4 64
76 91
10 86
70 12
41 54
51 57
73 60
63 34
51 73
10 8
23 11
5 29
70 11
74 77
74 21
75 17
96 48
69 38
87 14
42 71
96 26
80 19
4 91
39 11
3 17
77 27
29 42
51 55
0 73
55 31
33 38
50 18
79 95
94 19
16 22
83 21
67 89
98 9
94 5
96 25
68 97
10 35
75 55
6 91
36 82
99 34
79 6
68 65
67 12
46 94
4 18
51 59
49 2
79 64
23 15
79 17
3 81
33 95
70 60
83 4
44 89
23 87
17 80
53 58
25 43
40 33
30 21
90 43
63 37
72 3
78 38
36 34
63 76
25 16
25 67
8 11
48 19
49 62
95 58
46 70
65 18
9 58
53 55
0 77
68 42
67 18
7 59
39 54
73 82
46 5
15 63
54 35
65 4
78 18
64 18
32 95
56 57
65 43
56 89
78 67
82 57
61 85
94 39
12 58
19 11
58 27
4 6
75 2
77 64
73 78
33 81
32 66
59 44
72 77
62 91
0 43
48 34
56 11
50 13
48 93
49 15
7 5
62 90
66 73
41 42
55 6
59 80
75 73
97 95
53 13
31 6
80 6
40 66
94 18
59 16
67 28
22 54
69 67
30 43
10 27
83 0
69 17
81 26
52 90
79 75
88 23
83 87
62 47
93 39
1 13
84 41
83 99
83 81
15 69
60 56
97 19
68 80
51 22
65 3
45 82
0 17
13 19
88 31
3 8
33 11
52 15
52 2
73 71
92 57
68 74
61 33
25 54
0 60
7 87
70 59
55 62
7 69
24 1
90 47
97 35
20 87
23 42
1 36
69 22
79 71
53 28
93 80
63 11
79 73
11 47
47 6
23 62
73 56
96 3
88 38
41 26
52 4
36 28
20 57
40 54
3 42
55 28
72 93
4 38
83 62
53 16
21 6
37 67
23 53
35 91
75 93
92 19
50 39
51 47
24 22
67 17
61 20
35 6
41 22
97 63
96 79
36 21
10 94
12 71
84 47
40 90
36 13
3 60
70 98
29 34
2 57
30 72
68 43
72 89
96 97
90 27
37 18
61 36
49 10
84 5
7 45
88 73
49 39
1 45
65 26
59 36
77 54
7 73
63 42
8 77
48 98
5 38
93 35
45 91
30 63
51 97
24 13
59 26
10 2
99 6
87 6
11 43
70 29
72 76
32 90
80 22
52 93
2 35
8 39
9 31
8 76
70 0
82 6
67 34
10 31
16 57
26 17
85 54
79 67
94 90
51 48
16 17
82 47
24 58
2 9
32 55
69 71
79 0
4 47
45 44
7 80
99 39
50 38
66 58
95 89
59 87
23 39
1 89
3 52
98 67
92 21
96 60
93 58
40 57
49 37
85 16
72 25
32 13
65 71
32 84
32 89
56 63
31 82
41 27
63 35
49 43
79 54
10 54
85 5
83 11
20 37
16 82
33 36
95 19
1 22
99 57
63 22
39 44
52 87
67 6
31 27
74 36
70 71
96 12
8 63
3 27
26 86
32 73
84 35
0 4
99 38
46 36
84 1
68 11
72 17
26 58
92 54
23 8
92 42
49 38
72 22
41 65
96 70
75 27
56 82
13 22
23 9
59 64
87 58
45 56
88 4
78 43
25 39
46 33
88 64
50 24
47 91
61 14
74 87
96 58
45 38
47 57
84 18
56 19
90 57
66 44
38 90
7 82
96 50
32 72
3 78
92 5
52 16
36 57
39 57
52 54
44 76
9 82
83 73
96 9
21 89
92 80
87 17
10 85
25 15
68 21
74 2
72 27
99 60
8 27
49 0
73 69
10 18
30 13
6 57
73 8
49 30
94 28
41 69
79 27
94 22
10 6
67 90
47 89
40 74
73 12
23 20
59 55
48 63
24 68
5 55
26 71
78 98
24 15
64 35
26 98
13 34
0 98
31 57
26 38
25 31
10 20
73 86
13 95
20 91
63 28
85 22
79 35
9 43
63 21
56 69
92 58
50 15
81 17
20 71
15 29
68 94
75 76
29 14
83 98
92 35
73 13
23 12
30 84
17 91
58 89
46 28
25 14
69 18
40 39
92 47
66 36
97 42
56 90
84 17
13 86
30 22
7 31
79 2
40 24
32 97
70 26
10 0
98 34
68 54
59 65
75 58
1 21
36 17
88 95
40 25
73 2
32 26
96 22
25 71
52 86
38 28
92 37
51 52
79 34
24 23
50 25
14 57
68 48
26 34
10 65
36 4
55 71
40 6
56 47
20 77
30 79
52 31
30 28
49 56
74 73
3 43
48 76
66 85
93 64
85 47
88 62
82 91
46 42
85 2
83 82
46 24
69 6
99 37
95 27
14 90
75 9
66 38
42 82
32 45
24 29
8 13
68 13
93 29
86 71
98 11
33 97
51 75
30 47
33 91
24 35
51 68
33 6
23 99
59 54
41 89
5 18
46 44
26 42
53 34
20 6
52 97
31 76
99 31
8 37
96 62
65 39
99 90
52 62
88 69
31 28
70 21
26 28
96 39
4 63
0 39
79 45
5 12
40 82
5 76
26 60
68 12
94 31
74 48
41 88
22 90
23 63
61 64
70 86
30 71
25 68
25 33
93 56
24 61
92 39
42 28
84 65
2 76
42 12
94 38
83 8
40 76
77 19
51 99
99 47
93 15
32 69
94 57
65 56
50 76
10 47
10 38
60 86
40 94
41 18
63 54
73 22
79 74
17 11
1 80
49 40
41 4
61 87
42 14
51 84
7 1
32 25
95 14
79 86
88 5
61 27
16 56
56 31
33 62
2 34
39 31
46 21
23 29
61 95
87 82
65 80
50 17
31 54
61 45
20 2
40 99
88 52
49 35
20 8
33 20
72 28
56 54
79 52
83 43
46 18
24 17
1 64
93 12
1 55
70 41
97 64
1 48
56 95
81 28
83 63
94 2
24 92
16 91
25 64
12 86
65 44
48 91
96 11
49 11
82 43
99 87
13 17
15 98
83 35
81 39
10 42
73 19
95 35
49 78
26 69
68 77
32 27
37 76
68 81
73 80
96 85
20 22
83 54
51 86
79 44
94 92
98 44
92 99
24 9
94 88
92 6
33 65
51 0
8 54
66 63
10 1
95 28
5 69
20 58
37 21
36 56
54 43
73 87
83 58
25 34
1 75
93 82
25 89
66 9
75 92
32 50
51 13
32 15
30 94
51 56
81 60
93 16
50 14
1 5
33 23
26 89
0 81
0 87
71 89
65 73
81 87
8 15
25 19
66 17
25 78
7 68
23 36
44 90
29 45
84 93
4 55
88 20
53 64
96 23
81 43
33 15
24 62
12 34
32 75
42 54
0 88
15 11
2 58
61 42
73 63
29 12
96 8
59 91
76 19
74 97
78 14
62 43
65 82
78 45
2 86
79 76
48 14
15 58
45 89
17 14
92 27
52 14
83 24
13 67
59 73
99 86
30 54
74 44
33 21
39 90
93 27
59 56
72 52
72 69
66 54
77 45
64 91
10 14
68 78
42 13
0 92
55 42
8 82
0 2
36 45
33 76
94 76
96 57
68 14
37 64
73 37
83 14
50 60
33 74
53 86
56 28
68 67
66 31
81 29
24 78
97 67
25 27
88 89
32 1
0 31
46 69
36 90
65 31
30 87
84 6
50 55
10 66
66 15
52 42
81 64
24 71
5 56
7 43
79 28
77 38
97 45
41 15
1 0
50 20
45 27
3 18
60 2
41 85
84 57
67 57
95 87
52 69
36 86
32 28
67 19
32 67
48 9
93 26
94 77
21 12
92 77
4 71
41 5
30 99
35 58
96 37
22 47
39 76
7 75
81 58
58 18
98 47
3 13
59 67
85 99
73 18
8 44
25 88
20 38
10 90
68 3
59 34
48 77
24 85
30 38
4 34
72 12
3 80
14 43
65 27
16 11
85 21
88 80
37 27
81 86
83 67
33 60
66 97
63 47
12 35
42 80
32 58
20 92
98 6
16 43
81 69
33 29
10 25
81 80
5 89
49 57
60 13
36 47
29 18
94 44
98 64
42 35
88 86
23 26
45 64
75 63
88 3
55 37
30 20
88 8
52 44
39 22
20 9
96 90
96 52
24 54
30 98
0 34
51 41
33 57
81 55
83 44
72 29
77 63
40 67
35 28
33 19
74 76
56 9
84 74
50 54
10 72
49 98
84 38
7 85
50 43
23 43
73 43
22 28
98 28
82 86
60 34
2 90
70 19
83 86
13 11
1 88
39 19
95 82
68 91
92 43
92 45
74 81
5 31
66 26
48 37
81 48
23 55
16 86
92 29
49 67
52 19
41 68
10 97
34 28
93 77
51 64
46 73
20 86
30 91
62 14
52 77
1 4
78 80
0 26
52 60
4 62
15 95
49 22
59 15
7 91
15 45
48 42
79 43
33 16
36 95
96 5
56 21
83 25
33 4
41 23
45 31
66 4
15 82
70 44
42 57
0 38
79 70
29 63
7 74
41 86
72 9
41 21
72 45
0 56
24 73
38 18
86 28
77 78
59 89
4 86
13 54
16 6
85 62
73 93
66 39
92 64
97 57
70 24
24 31
79 88
51 98
50 3
94 71
85 58
55 14
32 54
72 78
49 74
96 69
19 35
96 75
75 98
96 86
33 42
0 19
30 23
92 69
76 80
94 82
40 14
68 63
56 58
15 12
81 67
95 43
78 9
72 11
80 54
26 21
50 88
32 52
55 43
17 89
8 97
81 22
95 17
66 11
3 86
13 27
65 53
15 9
93 62
73 97
43 6
51 80
40 95
64 80
0 62
72 94
23 69
2 17
23 35
16 97
30 48
40 15
83 26
84 27
2 21
32 30
53 82
15 31
7 16
30 25
24 65
46 86
27 6
83 23
51 25
73 77
70 43
75 69
75 53
32 39
3 73
48 18
41 95
51 26
7 58
48 20
81 31
7 11
96 81
48 86
23 28
8 80
26 16
61 54
85 73
8 52
49 21
32 91
96 82
63 18
84 23
65 20
80 14
30 35
32 62
46 27
23 19
13 87
9 86
30 27
59 37
59 5
30 15
25 1
18 57
79 69
85 63
23 77
64 21
2 16
87 44
73 67
64 86
46 61
66 14
59 33
63 43
1 26
96 56
83 52
49 61
96 49
32 87
40 56
17 71
62 57
72 66
15 34
53 92
79 60
10 41
66 62
31 21
13 38
85 43
65 66
84 87
96 61
33 78
45 90
79 10
46 9
32 94
32 88
34 58
66 52
97 86
68 16
37 71
61 8
90 6
49 87
49 34
9 38
70 6
5 43
13 58
75 11
56 62
73 58
59 78
33 26
34 18
13 82
50 81
31 91
51 40
46 35
68 31
61 75
36 80
1 90
49 14
32 24
46 99
25 92
59 6
5 77
51 23
87 47
0 85
87 89
60 22
51 45
49 80
88 35
71 27
11 57
74 13
84 26
97 58
79 82
84 99
46 97
46 8
96 45
40 4
10 89
71 57
37 57
77 37
32 80
8 12
40 63
52 67
20 89
2 95
9 12
79 62
49 53
30 10
1 85
15 28
30 9
99 11
11 71
25 36
33 88
51 63
81 16
7 65
55 22
59 3
25 13
33 87
75 52
4 90
76 57
60 71
94 91
48 92
30 29
95 44
30 1
68 82
78 47
66 3
5 2
66 98
17 76
26 12
45 57
99 98
62 38
83 69
83 27
24 44
69 27
61 38
25 98
69 89
41 78
41 82
49 31
70 13
49 18
62 82
72 86
83 84
59 47
78 60
40 86
20 95
2 6
48 31
5 9
18 27
39 47
41 13
78 58
79 19
48 16
51 38
9 11
26 15
43 28
55 27
40 55
62 71
1 38
94 87
93 91
59 20
79 31
32 70
49 33
32 5
60 97
53 38
80 18
15 17
20 31
53 14
33 75
94 4
70 18
68 98
66 75
0 53
15 60
81 27
84 4
25 53
48 12
41 48
80 82
3 56
40 18
9 91
29 31
3 29
88 28
94 62
88 9
55 54
10 44
96 78
30 86
5 27
65 85
85 4
36 53
32 41
96 7
52 45
94 81
3 53
37 89
85 55
83 41
45 28
85 35
2 37
26 11
20 69
32 57
78 64
12 18
67 31
49 60
51 54
24 97
24 6
36 71
88 71
60 69
52 17
59 60
66 34
41 1
48 2
33 54
52 80
1 71
99 27
81 63
39 87
0 12
59 0
38 58
40 22
8 4
59 52
77 62
43 91
74 67
1 82
88 44
74 57
20 12
3 37
50 90
44 18
36 5
61 88
8 42
49 85
68 57
36 39
24 48
0 20
55 34
72 54
83 45
61 65
61 37
70 82
24 45
61 19
79 9
5 35
30 53
76 28
32 33
80 27
69 76
88 27
77 29
51 83
1 31
19 71
10 56
30 74
79 23
46 66
33 93
48 54
14 18
38 71
56 80
96 55
41 66
78 56
5 14
48 58
93 14
21 34
41 97
85 64
97 43
62 35
38 54
10 67
81 93
43 89
93 17
93 28
84 53
46 16
2 89
46 4
3 98
83 28
26 82
61 73
29 11
73 92
4 42
23 47
7 94
81 5
76 6
55 19
12 11
40 69
20 28
0 82
63 69
77 95
1 93
50 89
16 98
88 56
61 94
55 29
95 64
69 14
62 31
96 19
97 69
23 16
86 43
4 27
84 42
34 90
15 56
92 97
10 21
80 71
29 95
56 44
68 90
36 9
70 14
99 80
72 99
3 91
85 60
63 17
3 63
92 71
0 99
73 89
98 56
83 77
79 46
3 87
44 11
36 15
30 52
76 82
55 35
95 47
8 78
16 76
65 77
70 2
7 18
8 17
95 91
0 44
59 53
92 12
77 28
22 34
40 27
92 63
87 31
68 87
5 44
46 60
39 13
84 14
49 19
59 86
81 2
0 95
24 11
61 4
92 56
9 95
73 29
99 56
23 93
94 64
75 31
26 95
53 37
74 95
79 53
74 54
81 19
94 29
93 86
74 91
63 71
7 21
94 86
51 11
74 15
32 20
7 22
53 27
55 47
50 34
46 37
96 76
44 54
88 43
92 11
15 80
26 47
55 56
62 54
69 54
94 63
59 42
23 76
41 6
4 56
95 12
51 29
51 89
30 93
86 91
59 11
13 6
84 95
94 78
93 44
24 8
69 47
92 86
73 47
86 90
79 80
10 29
23 64
3 21
73 27
20 90
1 34
41 67
48 67
5 58
29 17
59 14
40 81
46 57
5 63
85 45
78 82
61 76
84 13
84 15
66 0
69 37
84 68
46 52
70 85
46 1
5 97
0 52
3 31
78 91
8 58
4 60
41 16
62 12
96 89
45 18
30 50
7 97
93 2
50 28
34 89
68 9
36 37
7 25
61 99
40 62
74 8
79 37
99 82
56 14
97 71
24 77
74 26
26 67
30 24
78 63
10 81
37 19
14 58
5 15
52 82
96 1
24 21
97 62
4 87
20 73
48 8
0 54
97 31
48 97
40 50
51 93
95 21
46 29
83 6
74 12
46 7
99 43
51 14
67 14
55 76
23 71
32 29
42 38
68 58
66 95
76 43
73 16
92 15
0 64
24 53
2 45
4 77
0 93
33 48
9 67
33 69
10 15
53 69
94 60
50 23
96 35
70 53
30 64
51 15
51 39
70 35
45 22
61 23
32 81
1 86
83 36
81 35
35 18
53 95
9 54
92 62
39 91
53 60
61 67
30 68
83 94
30 39
95 22
20 82
8 29
70 69
50 27
24 47
93 98
36 99
79 24
97 98
80 57
40 64
1 97
88 37
7 4
9 64
83 16
73 52
72 59
26 22
75 82
21 11
23 75
16 21
87 28
50 74
68 5
51 42
44 35
68 15
30 66
79 13
70 68
54 71
68 95
31 80
77 43
84 91
62 11
94 97
28 89
29 21
8 69
61 92
25 21
84 31
42 34
74 88
33 14
98 90
66 42
48 13
13 71
69 28
51 10
98 71
26 91
95 54
10 74
98 62
84 25
65 29
12 57
72 57
10 80
53 45
15 13
85 52
5 54
24 74
36 19
68 76
41 92
83 15
75 67
22 27
41 11
3 97
72 16
88 39
96 73
73 39
94 99
98 22
13 44
66 91
97 17
21 19
85 92
0 22
25 8
53 67
65 13
77 58
83 37
33 77
40 84
50 22
85 71
34 35
3 15
50 82
81 77
75 44
72 91
96 67
50 37
33 37
54 27
93 18
51 79
75 3
69 57
93 95
19 82
26 45
84 85
29 44
38 64
92 67
46 53
32 44
98 13
26 37
20 35
30 61
30 46
79 18
84 60
0 91
83 39
61 34
68 92
19 57
78 11
31 17
79 85
16 87
68 99
87 71
39 89
67 76
67 43
65 8
15 19
79 59
79 39
53 99
96 91
8 38
94 17
99 78
94 35
66 67
41 45
35 57
96 42
94 37
53 9
88 67
52 34
25 0
74 65
65 76
46 2
93 5
90 91
92 17
74 56
20 15
78 19
51 20
4 22
32 77
68 1
88 21
50 94
69 44
86 54
69 12
56 13
79 93
72 38
75 5
60 21
41 44
61 12
5 19
41 9
73 99
16 55
77 76
59 8
77 17
7 2
70 99
51 50
79 77
73 55
5 16
74 45
68 56
77 55
44 21
73 62
74 39
30 73
25 23
50 92
42 58
41 57
51 31
61 86
29 90
62 17
51 58
30 18
99 4
20 43
53 21
68 29
64 28
84 28
8 21
2 64
50 21
79 36
50 10
31 34
46 59
74 28
43 47
59 63
85 18
68 62
33 45
45 58
79 33
8 47
78 95
65 78
20 34
40 42
85 87
41 56
61 15
75 71
41 39
30 44
75 36
79 21
96 24
73 5
65 34
48 73
5 47
72 33
44 80
38 11
16 62
98 86
51 71
84 67
67 35
45 95
7 3
23 82
75 97
23 58
52 35
85 15
40 48
85 11
49 44
85 90
88 97
51 16
61 0
42 47
93 63
74 3
96 95
72 15
42 76
45 87
4 80
86 89
72 0
33 56
45 37
96 53
11 86
78 54
26 76
93 90
72 31
79 61
49 73
26 14
25 44
84 20
92 28
27 91
10 88
45 54
46 76
51 3
0 16
49 46
24 69
8 56
1 35
11 34
70 95
96 93
2 44
96 31
44 14
37 47
93 67
42 95
8 35
9 80
68 35
77 21
79 68
42 90
54 28
94 11
77 13
84 69
4 39
33 90
39 62
15 39
25 37
48 52
60 80
62 21
1 77
79 11
3 90
78 15
52 13
8 14
72 65
59 35
24 67
51 18
24 39
7 38
53 19
72 19
65 12
85 69
72 13
30 67
10 36
88 47
38 43
48 39
25 48
72 23
99 44
3 57
0 23
0 13
72 8
31 90
70 16
82 35
21 91
69 82
19 18
56 43
86 47
68 27
46 12
50 87
25 35
30 58
99 64
93 36
24 28
8 18
82 54
5 34
94 45
52 58
46 55
25 99
81 20
29 22
32 34
96 51
91 57
72 2
93 13
97 6
2 54
30 70
68 73
93 21
49 58
16 95
10 61
40 5
40 58
70 48
52 63
84 8
66 76
88 42
98 17
55 11
82 58
40 23
79 81
79 7
65 87
70 52
74 14
16 71
7 53
83 95
61 57
3 5
41 34
63 67
0 78
48 47
81 37
51 44
51 76
56 67
64 34
69 80
75 13
92 2
42 37
61 52
83 70
49 59
37 22
99 2
32 6
98 89
63 13
45 62
97 37
81 12
29 38
68 89
51 32
56 71
56 42
25 22
24 80
55 90
1 14
1 76
51 85
70 94
53 18
73 45
78 87
80 58
68 60
46 3
81 14
44 19
33 35
12 89
86 22
33 12
72 68
65 95
39 69
41 36
53 39
97 90
84 81
7 52
76 34
73 35
45 71
37 82
61 82
3 26
24 64
85 34
75 35
59 76
40 8
79 22
36 22
86 34
21 35
9 17
29 80
30 11
85 12
49 1
49 92
36 91
38 57
46 63
4 44
84 82
32 56
52 76
20 78
72 80
5 39
23 14
74 52
61 60
65 91
96 17
0 15
93 45
32 53
36 76
39 18
1 12
29 57
74 69
46 39
49 41
75 16
81 95
65 54
51 8
79 25
5 21
75 14
2 82
5 4
9 39
11 58
20 93
88 15
16 39
30 34
75 15
3 55
40 80
53 35
16 27
3 14
60 19
22 58
32 93
50 70
25 75
65 47
78 90
80 28
97 11
98 45
51 21
73 26
60 6
20 76
84 80
81 89
30 12
33 2
39 86
84 77
77 18
79 38
49 66
61 69
32 63
81 34
93 60
61 2
8 28
87 54
99 35
2 47
33 53
51 37
46 78
72 85
99 67
68 6
49 7
43 58
94 93
88 90
92 31
84 71
66 60
78 29
3 85
52 57
76 12
51 49
93 76
70 88
46 77
99 18
77 42
75 62
70 17
33 34
26 44
44 31
54 6
51 60
98 31
68 36
72 56
11 35
75 80
24 86
70 25
30 40
55 21
50 31
16 44
63 89
84 19
32 65
95 18
98 42
3 99
51 1
9 13
59 12
68 47
45 47
60 82
92 13
33 44
54 57
53 91
81 91
61 13
2 38
93 99
41 14
73 53
81 4
88 18
13 43
7 48
50 1
11 89
50 98
90 89
1 15
38 82
49 84
21 82
83 55
88 81
40 79
50 85
79 72
74 75
9 6
4 69
97 44
83 57
67 64
79 92
99 54
56 39
0 63
99 71
72 62
4 45
9 57
96 99
40 36
37 17
49 72
13 18
79 3
7 33
46 20
83 59
84 66
4 95
50 63
45 69
4 15
1 19
59 9
61 26
83 48
49 83
96 15
99 14
50 97
68 44
60 35
83 29
88 22
49 23
60 44
31 12
32 61
68 2
65 37
8 2
48 45
94 12
78 17
40 53
59 82
35 71
30 80
49 77
66 57
24 5
70 61
25 45
70 81
85 86
70 89
60 9
56 91
85 9
77 91
70 33
61 21
15 35
41 76
20 98
72 39
36 14
4 35
61 31
39 34
21 18
95 62
56 12
87 38
83 79
0 71
33 82
79 14
70 63
52 89
0 37
25 6
51 43
96 63
69 21
83 85
92 91
10 52
29 47
9 22
82 28
72 6
40 20
50 11
32 31
52 37
25 86
59 93
95 34
8 71
53 47
42 69
4 21
46 68
33 5
94 85
1 99
84 56
74 20
50 57
30 97
80 86
92 90
7 37
60 17
20 80
1 95
7 86
74 47
59 85
3 22
2 28
20 44
10 63
77 11
73 90
26 57
79 8
8 86
2 91
10 57
36 29
19 43
54 89
21 86
70 76
53 42
96 29
21 57
20 99
10 3
75 19
40 13
92 26
72 92
32 82
1 37
3 9
77 90
68 17
56 87
96 92
7 76
29 28
73 28
15 14
2 71
87 43
35 43
74 60
50 78
30 88
48 5
41 52
66 64
39 58
39 42
81 13
89 57
19 58
17 27
15 16
48 53
4 19
70 73
1 16
72 97
74 93
36 44
46 90
70 66
37 86
94 48
99 28
1 67
1 44
45 42
24 4
50 75
72 87
15 71
74 16
31 47
39 28
76 47
46 62
49 42
4 37
13 69
14 28
83 60
70 39
60 64
80 34
5 57
75 81
76 14
74 4
63 62
50 16
94 26
72 88
52 27
38 21
38 17
59 21
48 95
86 14
17 54
24 76
20 67
32 49
1 73
25 90
60 91
52 29
9 37
1 57
73 42
7 70
45 14
20 55
48 60
25 59
64 22
51 92
97 47
83 19
8 55
59 31
9 19
7 67
72 95
60 12
46 19
25 58
7 54
81 6
23 2
30 85
94 14
30 16
65 35
44 34
32 47
45 13
83 46
22 57
12 43
44 22
4 82
3 62
41 58
87 34
1 65
7 60
75 39
52 98
85 31
49 95
68 4
39 21
94 34
32 19
78 69
84 44
30 56
71 6
84 63
85 78
19 90
16 80
88 34
8 19
96 94
73 17
93 87
23 85
37 31
55 86
85 14
51 7
82 89
26 54
63 91
85 56
88 93
67 22
62 58
7 77
49 79
54 91
44 43
7 15
59 69
52 6
37 14
10 98
73 11
18 6
32 22
74 85
59 92
76 11
1 98
79 66
33 22
52 91
74 22
76 89
94 98
24 60
68 19
38 14
39 95
24 56
81 56
24 38
72 47
45 11
98 14
53 5
46 47
74 78
49 70
72 42
72 35
83 10
13 28
52 38
30 6
85 29
13 31
45 76
97 21
18 89
38 76
51 53
49 93
77 6
42 89
20 13
45 63
23 17
94 9
48 90
50 59
24 36
77 34
74 11
84 58
41 38
20 4
40 29
0 9
75 86
45 43
7 90
95 80
83 47
92 9
64 90
70 38
42 21
33 94
24 95
78 89
83 64
84 2
50 71
3 19
65 63
65 62
52 95
25 93
83 78
72 24
66 77
0 3
9 35
85 39
52 11
68 0
94 58
22 89
10 22
72 4
74 19
40 91
13 47
72 36
8 87
96 44
26 6
85 13
72 81
8 62
88 75
40 89
10 55
85 91
79 65
50 9
42 27
16 54
46 6
65 69
84 37
74 66
71 47
25 5
75 38
4 13
16 37
7 27
3 92
72 74
0 29
77 15
9 42
61 89
33 67
74 31
41 62
4 17
42 31
37 91
40 92
31 14
85 42
87 18
38 12
72 43
58 28
77 44
4 54
10 82
30 2
23 81
0 86
50 33
93 54
69 31
94 8
65 11
0 80
60 54
5 87
67 71
7 12
15 21
29 6
96 6
32 17
58 91
65 9
36 26
25 91
10 95
50 91
56 17
23 97
49 63
46 82
41 98
10 78
50 73
99 17
42 67
18 91
3 12
81 11
13 37
60 28
76 71
46 25
12 14
53 29
75 99
41 43
20 29
81 15
80 11
46 26
60 76
19 54
78 44
50 41
48 82
58 47
50 8
70 28
39 63
0 58
41 93
52 99
51 36
85 82
10 4
79 16
1 42
93 47
16 47
25 17
10 19
99 62
52 39
96 72
42 43
98 95
28 57
29 69
7 55
2 98
18 47
81 52
44 58
15 64
33 47
37 44
41 47
51 34
82 22
41 8
33 86
20 19
63 86
33 98
4 98
41 60
76 22
74 99
99 55
51 28
98 39
3 39
24 37
15 42
46 17
15 54
64 47
99 9
61 80
59 75
49 71
83 68
81 44
64 27
24 59
50 69
46 64
17 19
6 89
45 21
46 15
96 20
87 64
93 4
66 92
63 58
3 71
98 35
5 95
3 47
39 82
10 28
9 71
49 29
24 43
7 72
31 35
21 28
17 57
92 22
39 38
10 37
99 45
10 76
61 35
63 95
26 63
68 23
55 69
33 28
30 92
30 60
12 91
76 54
40 28
84 36
1 29
92 95
15 37
84 48
55 38
85 76
46 91
36 63
2 55
77 47
16 90
84 86
25 41
65 99
85 97
