100
16 24
24 72
77 70
47 20
85 4
92 91
36 75
64 14
0 9
53 88
26 22
67 46
3 27
5 94
94 30
46 88
9 20
50 45
35 6
8 56
40 96
66 30
81 47
30 86
74 90
70 81
8 93
80 74
19 58
3 1
61 60
77 49
5 57
87 24
0 4
1 3
58 39
21 72
86 18
58 6
0 66
17 86
23 44
9 32
41 48
57 93
75 5
2 4
32 42
72 68
26 95
73 72
15 84
95 43
87 62
64 17
74 86
88 64
10 9
27 61
50 80
98 1
50 48
90 61
31 53
47 99
88 75
63 95
12 78
25 10
94 76
12 5
45 6
48 10
37 27
58 53
0 61
20 95
61 4
18 50
25 44
11 46
65 55
76 88
9 36
60 25
63 57
20 48
31 57
3 6
61 39
90 91
41 41
38 11
73 94
35 28
50 70
28 37
16 80
4 41
45 7
60 5
70 51
95 32
59 95
38 45
0 91
58 42
84 72
24 74
79 13
84 31
22 76
94 6
77 18
29 39
78 32
49 88
65 94
75 11
22 38
12 45
97 13
93 77
22 42
16 48
28 92
31 77
92 12
97 71
25 63
66 78
77 77
65 35
32 80
27 44
15 30
58 60
63 6
5 79
58 68
99 7
27 90
17 85
38 70
56 14
77 92
29 98
17 45
43 97
40 11
9 63
78 92
82 94
33 33
91 84
24 22
61 13
70 83
43 55
68 81
74 7
80 9
90 73
53 78
46 21
69 73
8 34
7 54
26 18
85 31
54 57
25 37
13 54
8 86
32 83
4 14
69 9
27 51
71 13
76 92
80 21
41 13
24 76
35 88
70 93
82 68
36 5
41 31
50 62
13 99
37 23
22 80
69 81
20 68
36 38
56 30
29 29
27 29
99 9
14 6
59 42
67 67
89 54
66 22
72 6
92 62
5 60
4 14
83 72
30 22
74 67
37 79
2 14
12 82
60 62
2 32
27 92
7 79
86 53
95 71
26 84
45 66
40 76
56 56
76 2
22 40
25 18
46 87
89 73
58 75
25 98
9 37
65 33
53 98
94 62
43 7
55 94
72 12
67 6
43 25
88 3
41 96
6 97
33 80
15 42
57 37
73 15
22 8
21 61
72 4
79 37
4 75
25 50
3 96
25 44
58 53
37 50
31 67
60 94
44 58
59 83
83 47
12 12
86 27
2 85
95 5
78 55
21 97
39 20
84 0
31 4
87 87
22 12
39 14
86 28
76 35
46 10
3 73
70 88
77 22
72 48
68 70
32 59
56 62
85 1
60 22
85 31
81 60
97 40
98 4
82 70
26 12
28 55
42 38
24 16
26 72
78 50
10 15
13 19
66 27
7 11
80 49
6 44
99 60
43 63
59 84
5 25
70 65
82 25
63 46
64 84
31 31
18 64
48 28
12 40
23 13
43 61
7 94
83 55
92 27
93 59
39 73
77 68
94 26
13 18
37 98
70 29
68 61
1 29
72 26
95 29
85 24
16 57
38 82
92 29
6 12
70 33
49 34
58 70
34 75
57 72
21 84
87 77
68 9
57 50
47 50
29 83
33 91
90 5
94 32
18 86
77 11
2 29
83 50
79 70
47 93
20 27
11 50
24 59
36 62
10 30
92 64
37 85
45 49
30 81
69 14
6 56
48 99
38 3
67 24
90 22
15 15
77 47
56 81
88 41
48 40
50 85
10 13
13 6
22 30
79 45
42 29
64 23
81 3
14 98
10 17
71 66
35 74
22 87
58 57
96 72
25 28
31 16
57 88
53 2
5 17
20 39
44 28
68 80
88 14
66 80
83 64
61 81
73 30
47 20
58 66
74 93
72 10
17 89
4 94
94 12
80 42
54 46
54 46
16 37
22 48
37 19
72 57
89 36
7 28
15 30
88 10
33 16
23 15
96 16
11 64
25 34
49 17
26 50
28 66
0 6
84 33
17 48
27 30
33 26
66 30
11 66
11 74
7 20
4 91
9 36
75 38
19 92
70 32
65 20
44 15
93 48
82 47
93 54
5 91
70 97
4 12
73 18
46 74
85 90
90 7
97 74
85 81
18 73
41 48
19 47
52 26
58 87
81 5
74 40
41 64
86 90
58 69
29 50
33 22
14 92
33 95
62 56
41 71
62 51
68 56
63 68
80 46
42 78
39 33
74 56
53 69
0 31
23 9
64 80
24 57
53 89
77 49
43 84
4 93
25 7
36 40
11 68
20 80
67 72
51 57
46 18
84 65
25 11
27 71
19 62
70 55
67 46
39 42
58 47
46 8
62 63
99 54
17 11
17 59
74 87
7 35
80 79
79 62
7 93
44 63
43 56
96 54
58 81
14 13
37 35
65 33
51 94
87 92
15 31
6 8
7 20
1 97
77 19
35 26
12 17
81 29
86 18
80 35
42 90
66 11
42 73
50 88
91 18
98 31
86 86
92 50
77 92
14 35
43 50
0 75
60 37
88 13
86 67
64 99
5 74
30 81
72 71
50 56
26 49
54 64
86 95
92 47
69 56
34 35
5 54
21 26
10 33
87 76
34 5
27 59
87 4
30 86
39 57
2 73
51 94
33 2
49 68
27 56
78 31
80 85
92 41
72 46
41 10
94 87
72 69
70 57
92 19
31 8
21 26
18 48
93 46
11 64
15 58
75 75
80 96
62 18
79 76
42 62
62 80
50 58
93 55
91 96
31 76
52 59
69 36
45 41
77 47
79 71
73 52
98 95
17 29
18 4
16 38
70 91
49 25
32 61
48 0
35 85
52 61
90 35
98 86
28 10
87 24
75 70
57 43
14 70
41 47
36 77
8 32
16 49
17 96
15 87
8 20
11 44
4 37
99 61
81 29
62 48
80 5
99 3
2 26
46 88
65 8
33 25
22 44
80 20
86 2
1 30
72 80
1 73
27 36
94 66
81 97
41 18
68 68
21 23
98 28
79 68
97 53
84 61
53 42
50 63
15 70
16 98
15 36
57 54
73 82
36 31
57 18
78 56
30 73
30 23
51 89
88 92
49 39
49 36
31 99
8 11
82 70
59 7
41 60
31 39
97 53
86 9
3 99
21 64
42 87
0 87
56 79
82 95
0 36
63 58
23 76
21 37
38 95
13 31
80 59
95 43
33 66
67 14
90 55
72 91
20 39
42 59
62 30
78 48
72 88
57 31
1 25
26 9
79 72
81 52
81 79
44 43
4 16
68 68
52 52
6 96
40 24
11 11
13 72
20 50
68 23
89 22
49 68
54 78
22 45
84 46
41 7
84 42
99 52
36 2
86 32
36 85
54 10
30 11
80 84
89 61
37 11
47 77
34 12
88 7
45 44
33 76
44 96
2 54
40 80
50 91
72 1
50 40
9 87
67 90
46 27
89 25
3 99
88 22
36 93
33 57
67 67
62 16
15 53
33 41
61 48
1 41
34 25
3 0
68 44
75 71
61 32
55 35
42 25
9 13
84 21
59 82
14 86
47 96
19 27
88 43
83 94
28 6
54 36
0 75
93 11
67 4
63 99
20 44
18 38
17 29
78 25
0 81
77 47
28 17
32 97
81 68
16 91
1 98
50 87
71 68
54 88
24 6
28 59
28 75
47 35
63 2
32 69
41 86
76 13
93 90
28 99
88 75
77 65
29 37
40 28
23 87
76 4
6 21
22 81
96 68
56 84
94 52
20 29
82 59
75 99
55 85
4 93
42 27
10 60
62 27
39 50
44 32
95 82
62 76
51 1
60 0
39 59
89 35
42 2
84 0
90 26
34 48
81 51
48 35
85 15
66 37
66 69
95 3
42 88
15 23
64 56
97 6
17 21
4 11
52 64
28 39
93 91
18 25
23 66
57 6
19 56
5 94
42 58
79 12
14 92
13 84
22 31
47 92
81 21
24 5
26 49
46 93
41 26
58 28
77 47
17 40
9 82
21 38
26 35
75 76
9 68
46 42
57 55
80 39
99 27
96 47
12 64
70 26
0 53
52 85
68 58
58 71
90 75
3 66
23 46
23 48
63 92
76 47
20 17
32 99
72 68
16 83
42 40
94 28
47 33
57 80
59 92
50 55
94 79
10 71
30 5
82 29
75 99
33 5
61 56
97 47
19 95
86 32
51 40
40 77
80 33
66 37
82 64
70 74
91 8
38 88
65 90
49 0
97 67
25 77
51 52
55 53
87 83
89 56
93 90
27 73
54 80
26 6
17 9
16 76
21 61
40 43
67 78
80 96
39 88
67 53
83 11
80 2
22 86
92 29
79 19
69 29
67 5
1 40
88 59
66 72
60 5
69 22
73 8
35 97
86 56
82 79
74 98
25 51
7 72
38 73
18 63
60 26
47 69
67 4
68 66
50 38
27 5
82 40
69 48
39 82
83 77
71 93
48 0
11 32
65 98
34 52
13 11
48 72
31 21
56 63
87 50
48 64
84 19
39 55
25 28
50 11
74 20
16 18
41 21
48 46
54 39
7 84
71 16
65 44
1 43
74 31
46 94
6 1
46 60
64 74
97 22
44 79
0 37
27 47
17 63
39 93
27 4
54 86
24 77
98 51
81 11
2 55
31 54
68 16
31 19
56 73
18 69
7 20
98 8
30 88
86 17
60 59
81 3
17 92
42 17
20 50
20 56
64 61
88 11
29 20
61 77
59 7
89 61
29 79
61 54
81 8
72 96
22 87
23 16
25 78
57 32
38 76
69 8
17 89
98 51
34 67
34 14
44 45
68 19
25 71
82 55
62 35
71 16
65 83
82 97
49 67
92 31
61 48
8 15
80 12
79 29
21 24
15 86
50 2
72 33
9 59
22 42
1 26
30 74
97 53
94 12
47 70
34 59
18 34
77 56
20 35
88 83
82 3
70 50
8 72
69 91
47 53
97 39
26 6
55 85
31 58
63 11
62 9
33 49
86 75
62 9
50 18
23 24
54 48
69 19
52 7
85 10
92 94
71 24
55 3
53 56
14 80
33 5
16 67
6 41
71 42
34 55
71 43
56 75
27 22
69 26
42 11
41 41
37 59
22 25
52 7
72 52
22 93
38 19
16 55
53 37
49 37
80 26
56 3
63 73
91 75
72 26
58 46
37 5
92 23
32 46
43 45
13 81
75 59
61 96
53 94
47 37
19 67
37 57
89 73
42 31
15 11
48 77
26 16
61 88
62 84
95 94
84 57
2 62
84 67
28 12
18 35
80 29
46 76
22 15
33 14
36 57
16 75
23 90
98 32
93 14
41 36
94 4
35 35
54 25
87 21
38 55
93 69
44 54
99 53
47 13
48 95
62 80
87 5
86 46
99 73
13 40
9 71
91 76
36 99
95 52
59 1
34 43
41 11
29 54
34 78
72 99
80 89
64 34
65 53
85 12
60 79
48 35
51 90
67 19
86 50
9 10
25 60
99 51
55 25
5 69
11 47
74 11
75 20
87 55
35 28
22 79
94 15
92 57
81 56
50 55
76 46
32 70
43 66
33 77
49 86
14 83
26 52
57 18
79 23
45 9
97 29
9 31
82 61
6 72
8 11
40 38
21 13
63 62
60 5
60 46
29 31
99 75
37 62
65 55
59 47
39 65
72 39
33 93
83 36
24 16
51 13
74 38
20 45
92 31
53 4
38 51
96 68
17 99
79 3
19 1
99 53
79 10
87 77
82 56
24 59
61 1
20 80
3 15
39 96
37 74
13 21
93 18
5 23
77 9
19 13
93 0
28 89
93 47
41 86
26 56
98 70
95 37
97 40
82 80
36 87
26 80
53 78
96 6
58 87
94 4
77 88
72 50
61 40
17 47
58 99
45 46
23 87
55 92
61 82
25 63
46 89
70 82
94 72
82 46
8 50
77 88
59 16
48 84
49 24
12 66
59 64
36 95
9 28
58 93
96 17
76 9
8 53
50 90
91 79
12 74
40 62
14 96
32 34
22 49
28 43
15 50
24 2
85 22
99 10
48 2
73 33
26 96
66 72
52 99
72 56
94 78
66 13
40 22
11 76
37 41
71 44
25 82
87 48
88 8
79 22
94 67
69 5
40 20
89 87
91 7
65 67
78 66
30 73
4 14
76 81
96 41
93 72
9 10
70 61
70 0
93 54
74 1
70 73
52 51
63 95
23 1
48 51
96 4
2 70
15 35
61 15
7 30
73 20
76 89
54 34
87 79
39 92
60 64
54 23
19 62
53 12
74 23
16 59
48 60
26 91
24 28
74 56
97 7
71 35
27 22
30 55
33 7
2 92
57 50
15 91
71 40
25 67
31 66
1 58
9 25
12 26
60 69
79 74
88 69
9 56
21 71
26 97
72 18
17 35
61 78
85 68
48 73
58 74
81 45
88 95
57 85
16 98
69 27
84 97
74 29
4 98
48 83
15 68
59 38
72 7
12 67
89 67
93 61
8 71
57 23
44 93
86 42
86 18
27 43
70 14
79 43
19 59
6 28
49 67
8 94
28 57
27 73
35 83
2 43
89 16
26 38
12 40
6 5
54 33
13 94
24 62
63 6
42 35
29 13
51 70
66 80
88 63
87 23
48 19
97 22
32 80
31 84
64 55
72 81
33 22
63 23
25 78
95 26
23 82
17 60
90 42
64 87
74 10
92 89
12 4
50 5
78 90
23 9
14 46
32 70
56 65
84 5
76 4
60 44
92 41
78 71
44 41
52 3
89 70
39 4
4 39
8 40
83 37
55 93
51 97
15 40
4 78
34 42
3 12
6 90
47 24
37 36
11 4
32 20
76 41
98 50
16 42
50 23
54 1
23 20
69 68
80 36
36 10
67 91
71 53
77 41
22 16
59 50
37 43
95 19
83 0
90 82
55 46
96 99
88 34
23 70
94 74
99 95
79 83
11 23
46 13
69 36
85 94
38 46
44 95
96 90
37 24
92 56
78 0
96 89
79 46
39 72
73 93
1 48
10 97
53 97
96 97
87 98
79 25
4 51
40 54
88 39
53 92
24 15
12 60
76 18
28 46
95 8
57 17
33 93
46 63
98 18
42 99
36 78
37 47
23 91
94 80
5 65
40 45
72 34
67 89
43 36
90 57
9 33
89 68
4 52
11 52
19 5
50 64
47 58
20 55
43 86
45 78
86 84
59 45
7 96
69 49
72 36
36 41
15 6
23 3
40 37
4 99
30 79
41 92
10 9
70 15
33 24
45 81
81 72
52 54
17 75
51 19
49 29
68 8
17 50
70 40
65 95
90 8
13 71
9 20
16 96
48 5
80 77
52 19
41 39
6 83
40 9
79 50
86 80
74 69
28 48
78 63
40 83
44 10
1 44
96 18
75 98
45 69
25 19
13 36
69 82
97 21
2 5
19 0
45 95
55 9
37 25
15 16
1 9
78 59
51 20
98 4
80 8
57 48
38 52
53 10
88 20
51 64
64 81
34 44
39 28
49 79
52 14
43 54
28 95
7 69
68 91
7 83
92 62
53 7
12 83
81 5
88 66
55 63
98 98
76 1
78 8
53 70
8 35
43 83
74 11
66 57
93 36
12 56
10 61
93 71
23 81
33 81
36 34
44 90
81 24
35 37
57 49
87 27
54 95
58 43
66 11
26 32
26 35
73 39
86 11
93 98
92 6
52 68
47 21
41 68
74 74
35 25
43 36
83 8
79 65
74 7
89 74
12 67
80 96
67 55
37 12
76 58
3 70
98 15
8 44
70 95
7 97
77 78
58 21
96 80
43 75
36 72
2 80
95 72
51 11
38 17
60 90
71 53
39 2
51 77
8 52
62 28
24 69
85 9
64 20
98 54
41 25
12 50
32 82
5 14
51 64
95 44
60 28
90 73
55 8
55 70
69 54
6 27
31 58
73 48
64 9
24 36
52 23
83 38
76 19
11 98
90 70
86 61
44 10
42 21
25 77
32 37
99 68
87 62
67 84
11 77
67 76
28 96
97 23
97 37
76 59
98 90
63 95
88 22
86 48
47 88
27 47
35 77
75 23
72 93
78 2
4 78
74 64
45 18
26 14
22 82
57 19
88 42
54 2
64 87
0 17
71 21
98 72
28 59
61 35
36 22
80 83
84 24
97 45
41 10
98 72
2 50
49 7
52 41
4 59
49 2
68 62
56 29
20 55
26 14
20 33
30 81
75 66
85 15
93 7
60 35
57 6
38 97
96 99
79 22
93 45
10 29
51 26
38 72
8 78
49 82
54 82
83 24
93 49
27 39
1 11
3 4
81 10
10 22
96 52
90 59
34 87
48 48
63 85
36 95
40 99
19 58
42 38
20 89
41 33
49 88
18 71
89 5
37 74
28 79
16 38
79 72
49 57
11 19
13 74
29 72
63 8
93 0
4 11
64 57
49 17
11 76
42 59
79 23
16 52
85 26
56 81
74 89
80 88
40 76
65 12
10 80
45 62
90 24
37 26
96 6
35 30
35 65
47 66
27 68
55 57
14 14
44 21
3 88
88 22
36 27
99 73
17 16
91 47
52 2
14 20
10 27
81 13
24 5
93 91
47 1
57 29
46 26
53 9
36 41
9 11
56 15
28 27
64 27
17 58
2 91
83 9
67 94
95 39
21 35
49 26
77 23
45 61
29 64
36 37
4 21
36 62
15 54
48 50
28 7
70 82
34 12
75 89
11 92
66 30
11 62
23 23
62 92
52 73
57 66
65 41
42 64
75 79
26 80
81 48
62 86
12 53
10 54
96 97
47 31
49 45
25 61
78 1
71 32
24 19
45 35
65 30
86 64
20 40
37 49
9 68
43 28
76 49
70 85
23 80
14 89
41 16
6 67
81 28
9 23
12 0
71 39
7 34
23 77
57 62
27 42
43 65
25 14
71 34
99 72
13 35
10 82
34 17
78 95
50 97
85 19
87 60
32 80
67 53
58 45
48 36
23 10
79 92
31 0
79 81
94 3
6 98
81 10
91 41
48 91
84 44
71 47
93 84
78 47
69 15
78 71
27 16
58 8
97 83
45 24
96 89
10 67
97 12
94 59
87 67
36 43
99 91
77 44
52 88
85 90
97 61
13 8
3 80
42 81
29 15
52 33
78 5
94 14
99 27
97 11
33 77
23 80
87 82
29 98
57 21
88 33
73 65
5 92
7 41
12 78
40 29
54 52
98 84
96 33
34 98
80 27
4 31
54 41
82 74
4 25
25 12
97 36
6 59
99 90
81 71
1 53
33 98
41 3
69 43
43 94
46 99
77 23
32 81
46 80
90 39
16 91
27 93
38 86
25 92
45 46
84 0
4 7
22 88
88 43
63 93
17 5
45 5
65 45
90 64
50 76
41 27
82 85
25 44
72 27
50 8
63 55
73 74
42 54
52 72
97 27
40 83
94 25
0 16
26 23
46 85
51 86
77 15
96 14
49 65
62 80
62 15
76 44
30 68
3 89
67 3
31 52
79 63
24 58
86 44
12 14
3 36
90 48
85 72
36 2
61 60
49 7
72 79
48 86
41 16
81 14
39 72
67 78
25 67
76 37
3 25
39 35
49 77
89 22
54 56
77 38
55 8
19 78
11 55
77 92
28 11
28 28
70 33
19 79
13 98
98 44
94 41
36 50
19 59
76 6
44 0
4 38
83 68
31 34
70 90
9 1
11 77
76 99
48 0
23 92
53 25
92 67
37 63
8 30
31 65
33 24
72 33
95 83
50 99
92 55
89 56
33 46
78 8
95 63
88 18
76 73
2 44
12 59
85 8
89 64
87 65
15 65
1 92
43 5
36 70
53 47
35 52
4 11
11 30
58 75
91 95
35 85
95 1
20 92
54 52
89 8
72 85
22 24
99 64
60 92
27 44
29 87
26 5
44 78
16 52
79 23
5 33
95 81
80 20
32 52
17 76
99 47
0 19
17 25
62 23
8 88
68 75
40 45
85 69
97 52
45 96
19 83
95 85
0 7
12 29
19 33
47 38
45 47
33 85
48 3
69 14
62 33
88 66
81 95
87 69
90 92
62 72
30 59
76 93
18 0
36 36
11 25
8 25
43 57
28 98
93 31
75 71
74 81
96 68
34 92
13 55
75 25
70 11
37 83
73 58
95 8
18 28
64 93
28 53
40 16
53 77
33 33
41 21
6 76
27 30
86 17
6 96
87 51
9 93
25 71
64 40
96 78
68 67
75 69
72 45
14 99
89 5
49 62
38 13
96 93
2 92
67 1
55 93
58 31
31 15
26 75
2 95
41 28
52 57
26 16
0 0
12 57
59 30
43 47
83 15
89 90
75 56
62 25
63 64
1 81
85 53
40 94
62 67
99 51
45 5
52 32
44 67
22 39
30 42
23 44
13 98
37 44
11 80
64 72
36 28
76 70
63 15
11 43
38 7
10 82
54 63
47 8
80 50
60 91
50 6
76 78
29 64
42 45
80 57
36 31
11 61
30 20
62 0
78 82
46 1
22 36
36 59
16 95
95 39
73 65
33 40
13 78
39 25
70 79
80 93
60 97
42 44
82 6
9 44
22 55
11 76
52 65
96 26
31 62
11 92
55 94
43 74
15 95
90 33
64 42
24 82
71 61
49 93
62 32
61 51
37 68
17 30
80 59
56 36
54 23
28 72
52 30
95 30
71 55
41 28
6 6
34 16
42 98
20 28
47 9
32 61
70 64
59 57
91 66
86 2
85 46
85 7
79 63
6 30
29 91
52 25
7 57
57 41
90 1
61 13
7 62
79 61
33 78
79 92
0 34
14 84
83 70
2 12
2 90
65 53
46 56
43 35
36 16
91 20
64 53
99 43
14 46
0 88
77 72
24 2
50 49
57 14
51 1
63 71
70 7
49 80
52 4
28 68
27 97
26 16
49 39
38 40
50 55
98 76
31 87
63 21
46 5
98 60
85 87
25 45
34 20
80 93
32 28
85 16
50 93
68 20
23 2
18 58
6 44
81 83
10 30
7 6
41 7
72 67
68 7
8 45
20 38
20 34
70 63
95 21
71 92
90 12
29 35
3 26
2 31
68 83
83 8
15 59
49 92
85 56
63 22
54 94
84 2
79 6
9 31
85 95
42 85
60 60
71 70
98 71
7 58
3 52
76 71
28 41
11 0
39 83
49 42
96 90
81 49
56 46
17 49
69 20
6 60
48 62
66 92
33 28
4 13
28 40
78 36
8 48
39 90
62 16
49 96
66 99
81 13
57 6
78 53
67 73
84 72
80 35
71 22
15 34
60 65
32 80
53 78
1 29
84 75
79 45
81 57
48 27
30 61
25 63
3 4
30 16
6 42
50 57
23 3
27 26
15 70
1 53
11 56
42 97
74 84
39 60
25 79
1 53
71 21
68 55
17 70
21 99
37 18
54 97
99 40
63 16
63 94
4 20
77 91
32 42
6 7
92 61
42 66
78 6
1 83
59 41
54 32
21 84
38 97
28 55
64 13
38 7
25 39
89 63
73 45
49 42
3 3
80 46
52 65
97 10
61 96
77 49
90 52
40 28
60 21
44 29
28 20
71 3
90 32
82 44
37 70
96 37
27 92
57 4
79 65
1 84
26 37
69 71
13 82
77 28
66 31
21 32
8 88
90 71
5 57
51 68
58 79
83 65
72 38
75 48
38 6
56 16
23 96
16 95
85 84
24 12
79 54
18 27
63 96
88 29
20 38
57 90
54 29
1 73
80 39
95 49
58 88
20 19
7 0
15 73
73 91
51 16
8 38
29 12
28 2
68 35
83 50
58 52
3 97
19 14
98 32
91 59
5 64
94 20
83 18
5 73
0 86
88 20
16 88
75 12
84 98
12 72
61 55
51 1
78 27
11 20
66 88
48 58
19 26
53 24
20 22
8 63
69 34
28 76
3 78
94 53
79 41
15 29
81 15
36 39
5 50
67 57
15 64
61 90
15 39
40 82
62 88
33 1
43 25
42 27
72 48
62 40
10 89
34 46
50 49
20 51
72 7
12 4
18 20
91 31
1 32
26 33
80 24
75 26
2 93
3 12
61 31
1 30
10 72
11 26
50 8
45 59
72 77
32 73
93 38
98 5
11 9
15 51
19 25
44 73
51 54
7 39
27 25
52 32
3 73
79 97
17 3
7 69
15 7
53 67
41 7
6 6
27 90
55 70
87 94
20 44
79 42
75 54
3 43
75 6
64 11
65 47
70 40
53 47
32 86
16 45
82 21
91 35
28 39
27 67
98 84
83 40
63 14
13 17
6 84
5 28
98 98
59 93
93 29
39 88
9 58
19 93
70 74
37 72
4 69
51 30
67 78
18 90
9 57
99 24
90 55
23 19
54 98
21 28
79 69
17 56
84 81
28 38
31 85
8 82
90 69
12 17
52 96
19 11
65 46
84 6
62 23
81 51
35 89
47 25
32 68
71 14
5 67
71 69
93 22
22 9
28 83
36 40
4 69
47 34
25 21
62 23
65 9
75 46
28 75
75 60
84 74
84 50
33 61
15 44
34 35
97 47
61 87
6 82
71 78
25 88
52 98
71 92
70 65
39 84
38 99
44 73
70 59
42 59
30 26
6 35
87 14
55 75
69 33
67 41
32 96
4 56
95 22
32 36
19 86
55 35
10 50
98 81
10 58
5 4
49 68
61 1
83 24
81 96
84 3
47 39
59 32
13 56
41 10
98 41
68 94
76 71
29 66
48 54
29 75
67 14
1 31
1 14
9 81
82 40
72 60
92 29
85 91
12 93
83 86
72 61
1 63
18 0
45 23
94 98
41 84
76 75
31 25
12 33
8 59
97 81
65 33
45 31
41 16
98 56
39 35
26 48
91 76
80 17
85 11
84 29
10 10
63 81
96 3
49 73
32 74
97 17
65 31
62 78
59 48
22 21
47 33
88 56
29 2
13 28
76 19
28 77
41 69
0 78
29 87
0 51
31 32
50 10
9 30
22 47
80 93
13 91
66 47
89 57
76 19
67 67
93 83
13 36
26 86
80 3
4 5
36 58
12 96
46 45
63 94
80 20
60 49
20 42
63 97
24 20
24 17
29 99
91 98
71 25
14 15
28 13
82 31
61 55
9 17
74 95
64 83
52 75
33 70
22 48
58 25
69 90
90 32
98 49
28 31
79 97
97 11
9 66
39 68
64 74
4 23
93 76
0 91
78 95
20 91
20 90
90 79
22 38
51 72
80 36
68 52
14 68
67 72
92 67
7 86
1 33
46 13
85 4
64 30
39 92
48 71
1 94
89 75
99 7
33 85
88 35
49 58
69 0
78 49
35 35
95 75
71 14
18 79
32 4
37 3
94 41
47 42
41 77
92 15
18 7
88 89
83 95
59 96
23 78
2 88
7 34
25 31
17 42
38 57
27 56
1 51
82 74
88 36
5 56
25 64
94 98
30 87
49 0
76 2
16 4
88 84
88 44
46 80
6 23
81 56
74 12
98 99
98 81
95 90
66 47
6 19
86 46
63 7
4 60
94 82
77 56
36 73
16 43
23 29
51 75
44 61
23 18
16 48
93 70
71 58
41 33
12 34
12 52
98 67
41 77
46 88
78 36
82 48
95 99
10 60
26 55
1 83
42 99
33 1
6 27
7 16
84 26
85 92
96 83
77 90
36 84
56 68
1 6
6 92
93 36
71 26
29 6
67 27
36 72
39 49
83 50
6 4
47 7
8 52
30 73
75 17
80 96
86 70
3 83
76 30
74 51
87 27
66 77
55 76
24 93
68 57
9 97
78 30
46 25
98 33
19 91
79 82
18 24
11 75
89 86
14 49
95 25
79 26
34 34
86 7
88 20
34 41
38 39
2 68
8 63
74 21
20 87
4 14
85 88
42 33
30 7
77 58
22 26
65 61
39 65
26 9
68 66
65 53
85 97
81 86
47 58
7 55
60 72
72 58
91 72
23 34
31 85
51 56
69 34
79 34
85 87
17 77
25 65
27 84
45 23
59 86
69 86
28 52
49 85
54 7
68 2
28 79
12 56
94 23
69 61
19 54
54 6
94 51
53 7
96 82
64 1
81 62
31 69
1 11
41 97
59 58
39 41
1 32
88 97
75 41
5 69
39 99
16 25
11 76
88 55
79 45
73 4
3 91
69 92
23 39
73 70
84 53
96 31
67 81
20 76
42 77
39 87
58 54
39 17
70 23
20 48
87 72
56 14
19 90
13 2
40 13
61 11
66 22
20 56
61 88
93 63
78 6
21 2
77 4
47 47
97 79
79 23
14 78
21 80
32 42
93 79
70 37
0 87
7 72
96 1
11 4
3 4
1 7
60 47
86 83
24 79
67 92
69 67
43 0
62 8
78 63
13 81
54 15
58 99
32 77
81 44
48 59
38 33
98 89
72 97
96 93
73 21
37 71
20 73
17 12
49 57
90 25
91 60
3 15
0 85
97 20
81 54
54 75
68 25
88 98
41 83
95 64
38 28
59 71
41 64
55 94
53 21
98 58
52 30
20 19
81 38
21 4
74 64
15 69
20 1
40 28
14 73
30 77
83 40
72 26
29 65
5 97
23 75
35 38
80 12
87 31
45 96
3 25
57 28
61 65
12 20
34 52
63 87
92 87
94 37
91 60
40 73
93 52
55 47
0 97
0 65
68 29
6 85
56 22
96 31
28 90
24 57
95 11
65 95
24 27
22 76
39 82
77 35
84 26
21 32
0 5
77 76
88 65
84 30
36 89
52 35
66 58
46 55
7 21
60 63
14 13
77 36
52 23
83 38
25 26
97 7
27 23
27 48
36 86
12 54
11 31
84 23
76 85
60 5
46 26
29 88
26 63
39 40
51 66
93 24
24 3
2 35
12 59
62 86
51 77
6 11
86 59
42 19
82 62
9 64
29 46
59 44
16 63
16 28
1 58
59 66
47 55
37 74
11 56
44 2
63 73
26 32
28 9
9 92
15 1
50 78
81 95
33 97
68 6
53 31
0 48
60 48
57 11
13 48
46 50
52 67
50 77
85 45
93 15
60 86
23 7
94 13
13 48
95 31
40 84
71 36
11 14
17 53
9 92
21 89
28 52
92 45
29 29
17 92
96 93
84 65
55 9
24 4
92 39
59 13
19 61
63 15
57 47
97 43
37 23
16 52
22 27
58 25
85 68
71 78
90 95
0 91
9 18
66 3
31 81
10 42
65 28
76 41
80 49
32 5
44 89
56 44
98 74
49 40
99 70
28 53
29 62
88 28
56 52
0 37
93 9
38 47
69 91
52 67
48 92
79 83
63 53
75 52
94 57
3 50
35 41
13 21
82 83
44 24
51 76
86 15
61 76
39 64
43 75
27 72
87 39
46 54
26 9
15 71
25 10
7 45
29 15
38 66
20 72
8 39
53 60
10 20
51 29
45 81
43 74
5 61
31 2
60 50
37 72
11 54
38 20
71 42
59 20
43 25
79 96
32 79
79 29
66 69
58 39
52 84
1 17
16 96
41 63
88 94
98 80
59 41
24 45
0 12
24 81
45 92
44 47
55 17
80 89
14 22
87 63
23 8
40 28
45 20
62 5
23 82
64 11
66 49
96 92
86 6
55 3
83 95
88 20
33 48
19 68
95 36
41 14
69 92
61 21
65 72
79 70
80 31
64 15
91 60
45 98
20 82
25 66
35 39
4 49
17 68
62 58
20 47
98 75
75 33
32 26
57 69
28 61
54 30
94 94
23 21
9 81
95 15
94 3
88 71
8 92
62 91
84 61
53 8
22 72
96 3
85 37
50 66
15 56
3 59
73 72
37 6
24 35
76 28
88 89
85 21
71 16
42 87
52 45
31 46
64 91
62 11
3 56
81 23
64 72
82 56
5 35
51 52
76 84
2 17
22 54
89 13
76 54
53 44
17 18
38 74
59 28
30 31
78 74
90 78
35 78
31 52
25 35
23 90
48 38
53 56
79 90
8 65
9 87
72 39
18 61
52 90
3 93
88 77
23 42
59 41
73 33
35 71
44 18
37 53
15 28
83 94
75 19
32 14
55 22
72 58
39 8
25 60
4 70
78 94
18 44
61 66
5 86
15 68
24 6
35 60
8 66
86 84
58 10
32 27
14 5
42 41
62 84
12 51
67 42
82 25
80 40
84 52
30 44
90 44
37 51
28 32
38 94
32 22
30 31
92 26
12 46
63 49
89 27
26 68
30 67
53 7
5 69
21 27
13 11
58 62
96 43
97 87
3 66
86 71
84 72
10 96
26 57
5 99
91 39
89 50
25 83
53 82
34 70
47 45
79 60
11 18
20 89
6 30
6 60
68 60
84 84
98 41
12 0
60 79
39 59
91 4
81 59
70 77
38 34
99 39
84 47
14 1
82 30
69 32
71 70
29 22
39 5
18 86
22 56
5 4
58 22
17 67
21 60
89 5
22 28
94 52
61 78
87 72
11 79
15 71
93 58
78 21
96 30
10 2
24 33
62 34
61 84
24 19
91 76
65 26
88 70
27 68
50 93
62 58
77 45
8 87
11 10
82 19
93 96
5 14
61 89
29 60
23 53
95 86
19 34
29 25
80 48
81 5
29 95
64 95
41 39
65 60
36 40
21 16
60 93
94 85
53 82
24 55
60 62
73 24
51 42
27 38
26 48
2 29
32 97
62 61
99 31
31 16
34 54
2 16
16 0
47 46
14 18
93 82
78 9
58 87
80 32
43 59
93 83
0 37
43 66
35 43
7 74
25 67
5 63
58 89
67 66
13 52
91 19
10 56
96 85
94 78
30 56
14 61
62 84
29 65
72 16
14 18
51 82
97 58
83 83
29 44
72 82
87 75
78 48
28 88
88 25
36 87
82 98
52 95
88 5
99 38
56 56
57 80
28 48
85 58
92 32
33 86
15 38
78 16
48 33
59 83
72 82
8 7
39 23
90 32
73 92
74 85
81 94
65 22
91 49
63 31
29 70
80 11
96 76
38 76
51 85
85 79
30 77
28 27
4 2
80 80
48 39
0 1
93 74
49 92
67 23
14 31
5 70
71 52
11 47
46 61
49 78
89 29
71 7
82 15
53 41
97 77
7 82
45 15
46 23
37 41
28 67
24 84
21 41
70 73
60 31
86 2
31 37
71 98
6 21
38 57
82 66
28 89
57 64
34 68
96 48
26 20
94 44
33 53
25 93
62 33
58 95
73 63
70 95
17 0
78 35
26 47
57 86
28 60
56 20
30 23
81 67
95 31
74 24
84 86
3 98
10 40
39 10
86 38
67 9
69 21
28 82
54 63
90 85
47 56
42 3
15 68
42 75
8 48
98 21
81 4
59 67
38 11
81 10
91 90
98 59
12 15
12 48
6 3
79 45
23 44
27 16
0 10
58 84
13 73
48 71
25 91
97 82
85 50
13 25
83 95
89 53
21 43
86 95
62 31
51 74
76 19
24 38
12 50
17 93
62 27
58 85
65 62
40 31
47 32
81 25
87 60
15 26
89 53
63 28
11 4
4 3
4 42
62 22
70 93
8 35
21 37
83 74
38 4
9 89
19 44
81 62
27 3
36 57
36 45
90 98
68 99
31 28
60 21
29 22
36 66
74 28
75 77
62 56
91 43
16 29
15 43
80 48
1 37
73 39
32 68
49 18
83 87
26 88
76 14
7 71
97 39
66 46
8 79
22 50
26 23
2 14
73 28
1 99
46 50
29 46
58 40
2 20
98 62
38 11
14 99
12 62
43 61
46 85
56 36
98 39
85 65
69 2
62 43
9 19
85 7
69 78
50 3
57 34
98 16
96 16
43 34
58 73
54 21
97 20
19 98
2 87
21 94
20 31
41 6
60 23
59 36
77 64
97 93
92 46
75 1
48 63
48 48
30 19
11 99
57 10
96 91
15 93
98 37
39 63
22 87
10 28
12 31
13 56
33 38
46 6
73 99
92 59
17 53
35 57
77 44
72 73
25 92
5 80
74 10
62 98
14 0
57 72
85 86
14 96
58 51
39 63
90 22
81 29
9 11
34 18
22 7
51 75
95 39
97 73
71 10
25 25
58 52
66 59
80 2
90 3
19 74
94 24
79 39
92 24
7 67
54 9
32 35
88 29
66 60
52 55
7 8
73 52
73 36
50 56
26 44
85 72
74 69
33 48
11 46
80 12
6 73
80 69
51 68
12 21
59 85
20 19
98 35
24 23
61 58
90 86
15 56
75 10
14 89
39 31
35 95
91 68
92 13
94 31
8 97
66 80
0 43
53 65
97 80
59 9
0 59
43 37
90 79
58 88
3 79
97 77
32 18
53 26
85 98
97 83
72 80
7 62
54 79
52 98
50 97
70 70
43 19
89 86
76 48
65 69
31 38
42 82
97 12
24 24
73 22
89 62
53 25
30 85
44 71
63 39
81 30
64 21
52 57
5 40
88 45
52 84
19 76
95 2
53 84
6 67
53 22
34 18
18 55
31 68
52 50
2 99
30 57
43 93
44 26
20 67
25 54
43 46
57 74
6 28
54 28
14 66
5 4
60 95
9 30
58 3
96 45
1 76
78 96
97 54
41 51
70 70
13 11
82 18
99 22
47 63
34 11
58 83
14 89
99 82
55 98
4 86
72 57
41 68
10 33
61 7
65 32
96 30
97 52
11 78
1 45
95 43
20 9
54 98
23 71
37 96
26 2
31 44
56 83
89 21
33 34
51 69
39 74
0 71
68 92
18 70
6 22
99 43
59 98
12 18
95 44
90 62
65 12
64 9
7 17
38 3
32 64
29 67
61 60
69 53
5 55
55 94
12 25
37 62
31 14
41 54
65 97
31 99
73 77
20 48
10 56
15 5
89 7
6 13
51 81
71 41
10 39
55 22
19 17
55 84
98 52
8 14
45 13
55 57
63 29
69 90
80 34
36 1
80 0
48 44
43 19
76 13
1 47
88 12
90 11
48 20
39 74
98 99
17 12
7 77
89 31
41 40
96 92
29 12
57 96
7 71
73 40
35 83
90 72
12 1
9 62
29 30
61 90
2 95
58 93
22 96
66 59
42 58
41 27
58 65
26 16
23 53
58 76
9 65
99 81
5 43
67 83
73 80
23 39
59 45
91 33
62 1
43 73
23 30
56 7
14 40
67 42
16 31
6 82
91 63
35 13
72 82
37 70
19 80
78 51
75 3
87 27
95 22
72 8
24 26
87 65
1 23
58 63
82 71
16 23
92 99
45 38
88 56
39 68
4 47
90 36
4 70
10 55
91 90
21 91
70 12
52 29
86 84
24 63
18 3
51 71
59 30
81 67
29 66
23 56
92 34
45 19
48 25
23 15
47 71
90 51
96 81
43 12
79 21
86 38
67 97
98 59
48 43
9 18
42 49
44 38
29 28
54 65
38 57
60 48
33 85
87 8
91 81
11 46
46 69
27 81
37 44
96 97
44 10
75 12
63 12
16 83
17 69
93 11
6 65
38 79
65 85
1 26
54 74
98 57
56 18
7 85
20 34
92 71
67 0
68 34
80 35
38 50
94 89
42 35
69 56
63 77
32 75
25 86
53 75
58 8
70 87
91 11
88 88
65 1
77 38
6 12
62 0
36 11
21 32
92 4
47 35
53 65
58 0
83 54
6 58
78 88
84 78
46 88
68 16
88 78
20 40
45 49
56 55
28 39
83 76
75 89
60 24
3 53
89 2
68 5
42 8
21 41
37 28
86 40
66 49
32 11
84 71
19 12
50 20
66 60
65 52
26 46
61 75
51 34
43 45
43 22
41 24
74 53
1 60
9 0
71 85
86 2
26 75
50 12
26 53
28 14
34 58
75 61
56 78
25 9
9 64
26 34
81 99
59 74
87 79
40 92
43 8
43 21
80 0
85 57
40 46
24 90
22 65
8 41
71 29
70 94
91 97
82 91
23 16
81 14
54 38
28 77
3 96
98 33
0 88
47 52
34 58
79 53
25 96
37 90
95 61
21 20
64 57
55 16
86 97
73 71
72 32
88 82
94 54
95 65
57 60
90 24
13 33
66 3
93 4
98 13
70 88
63 60
38 96
78 8
61 48
94 13
12 98
40 2
24 88
59 50
83 66
17 21
97 54
44 69
18 4
27 3
77 64
67 32
15 13
43 23
71 4
27 28
62 46
28 21
70 51
30 46
71 76
49 35
54 55
50 20
86 11
79 74
16 21
6 46
74 88
13 58
12 97
41 66
57 18
8 46
53 61
41 88
45 92
83 19
57 92
30 3
11 44
46 46
10 67
0 88
77 53
54 31
58 28
94 54
76 29
28 76
25 57
94 40
12 58
17 47
16 15
8 53
11 69
89 51
5 71
1 71
47 65
10 51
54 88
50 54
70 97
20 92
76 2
37 44
88 56
17 3
25 8
35 8
61 85
63 13
33 18
52 62
3 10
51 4
83 19
19 3
62 5
29 27
67 78
34 18
99 81
91 28
99 14
44 72
44 15
36 15
54 65
34 6
1 10
45 80
3 22
83 11
25 65
71 32
50 28
74 4
67 14
84 0
58 32
94 77
21 28
7 34
57 69
51 36
40 42
41 37
52 14
70 32
70 7
83 61
78 20
53 43
80 8
93 90
13 17
9 56
21 34
95 55
2 7
57 47
54 48
27 0
38 99
67 75
69 11
42 82
60 54
17 2
18 10
94 18
64 61
87 99
61 90
73 31
57 40
82 44
28 11
19 85
3 78
20 10
27 76
26 21
72 37
70 56
53 83
86 99
66 7
5 42
30 60
13 88
67 15
35 13
44 59
29 80
79 74
74 64
27 9
57 9
46 42
71 52
78 84
94 1
43 83
77 70
99 1
44 26
24 48
88 64
28 30
58 59
78 41
88 61
53 58
76 69
84 66
42 1
40 14
22 7
21 59
83 99
61 6
31 5
7 38
18 80
93 33
25 84
9 26
95 32
99 38
93 22
66 1
12 58
16 96
12 12
36 80
34 0
59 33
15 26
4 3
92 50
90 8
58 65
38 24
13 28
15 80
76 71
75 33
50 24
91 15
58 81
93 12
12 33
74 40
51 84
51 63
87 46
51 14
8 47
13 92
62 61
1 52
48 0
98 22
76 39
96 24
29 40
81 20
96 33
96 1
34 12
72 57
72 53
56 56
1 65
64 32
74 42
41 76
66 15
4 39
57 51
81 80
76 30
88 19
19 22
46 15
79 76
14 47
7 97
99 40
59 66
30 38
45 55
86 75
95 14
36 42
81 45
24 32
27 88
23 67
79 75
54 33
3 98
70 51
88 69
92 31
46 50
89 10
84 76
28 61
39 23
81 19
82 25
7 97
48 82
20 15
51 96
27 12
46 9
54 4
76 65
93 63
91 65
90 96
78 77
71 73
29 18
7 98
67 63
90 3
71 29
92 59
71 92
86 28
11 49
9 62
57 43
81 9
8 76
72 19
59 38
90 38
22 25
31 30
73 94
28 17
6 60
16 16
81 31
11 63
67 94
2 25
34 60
37 66
88 55
41 47
6 38
45 20
74 93
11 72
60 7
88 95
95 7
3 79
5 85
71 88
0 25
61 32
56 75
41 81
94 81
20 24
94 64
55 20
0 12
6 76
19 93
24 86
21 52
30 39
29 22
19 28
55 37
40 48
23 98
11 14
45 38
49 17
81 82
88 8
58 80
83 78
76 90
45 24
32 31
4 16
13 32
71 46
22 69
5 27
5 20
17 4
71 8
47 71
70 66
41 9
90 32
67 73
33 9
32 53
60 55
86 74
86 59
17 8
6 52
5 39
60 82
28 84
11 76
64 96
12 99
22 0
15 19
45 54
76 61
11 96
83 79
16 53
90 8
92 61
75 11
77 61
75 16
89 15
75 27
80 32
28 85
26 47
99 59
22 38
3 93
39 97
70 66
37 61
35 61
93 87
6 86
73 73
94 73
29 28
93 29
61 26
5 96
68 71
32 0
98 23
1 67
28 95
15 9
55 61
56 20
99 37
27 25
58 84
19 61
15 22
14 28
81 66
24 26
26 21
21 24
46 48
64 21
31 2
33 21
72 36
29 27
27 32
81 35
5 21
51 56
33 11
71 27
70 63
41 53
67 88
32 57
98 49
20 35
34 51
21 76
54 74
90 33
85 62
1 58
50 40
55 34
52 3
28 63
10 92
32 57
66 89
58 91
79 37
63 14
68 1
93 65
3 21
73 39
29 85
14 36
54 0
64 69
6 17
15 71
53 68
29 52
89 42
83 86
36 45
75 52
5 96
38 39
47 17
62 40
90 63
55 30
36 90
73 35
45 22
25 5
3 17
94 72
52 59
73 39
37 52
7 8
64 23
36 77
47 10
22 61
40 84
26 8
33 87
5 36
63 54
29 56
59 57
45 49
81 69
9 28
57 20
74 57
36 19
36 27
42 7
69 54
66 61
67 10
22 28
22 20
94 77
12 26
96 44
82 52
73 47
52 76
50 70
56 16
88 63
92 23
25 57
27 58
25 8
17 95
99 1
34 93
59 15
9 52
48 26
99 0
21 71
98 60
70 73
54 82
36 35
24 33
26 54
52 52
46 98
5 78
53 55
1 41
98 86
97 4
16 44
58 42
3 36
48 77
78 78
67 46
69 20
46 41
30 18
9 76
47 97
46 65
76 18
50 63
1 19
34 69
84 5
16 88
2 41
80 58
35 72
60 15
68 53
62 39
98 2
24 23
37 93
22 64
75 99
19 9
74 6
79 46
19 68
82 14
42 12
15 70
60 63
74 18
33 13
61 13
46 68
60 45
99 79
21 73
87 83
47 88
44 94
85 55
38 2
83 54
20 61
22 60
74 3
13 88
43 8
81 42
83 54
78 36
28 21
17 3
81 6
82 43
4 24
44 1
19 71
25 83
41 22
14 7
36 82
98 84
69 61
37 65
80 71
82 37
66 27
85 19
75 20
35 88
55 10
69 87
34 28
58 13
7 57
40 35
4 38
40 42
5 62
5 34
48 76
80 73
44 81
24 4
82 20
26 38
29 83
18 85
50 98
90 98
25 90
81 9
18 19
27 25
79 48
59 8
6 20
49 60
90 64
5 98
16 12
40 90
44 57
86 70
79 12
59 60
21 59
38 38
76 75
79 28
59 80
11 55
0 67
22 19
89 77
11 59
92 56
69 67
53 66
50 31
29 41
83 69
14 56
72 27
86 67
84 91
35 19
26 31
5 24
8 39
50 52
52 43
31 99
97 94
40 89
11 82
2 8
61 58
22 67
89 85
24 6
83 98
89 73
67 81
0 24
23 74
64 43
4 20
66 34
29 39
96 10
1 40
19 84
32 6
86 97
25 12
89 19
92 34
13 98
60 13
25 27
71 79
88 95
54 41
30 30
4 12
67 50
94 36
78 58
10 7
49 60
72 40
95 85
71 84
11 2
67 36
88 62
12 37
37 84
63 54
25 72
7 3
24 12
23 15
67 83
82 54
14 40
13 38
28 96
87 15
27 8
4 43
45 73
91 7
40 76
30 60
94 31
80 96
0 69
32 39
4 55
64 52
88 63
85 69
9 66
0 32
52 97
65 12
5 45
2 92
89 90
44 71
78 10
98 50
23 96
44 68
54 77
55 13
0 80
26 68
25 6
1 15
95 93
11 84
11 69
28 96
28 93
4 47
41 74
48 17
73 45
47 80
31 89
43 15
34 42
75 46
41 18
21 15
56 41
75 72
73 69
37 3
2 23
88 74
37 85
92 57
90 87
1 18
38 13
69 93
24 92
19 58
7 92
43 74
97 86
68 87
47 6
68 40
82 3
2 90
51 85
34 76
45 88
54 79
45 0
26 66
60 25
3 41
23 52
29 99
96 50
55 4
26 18
38 34
46 38
0 48
38 85
82 66
60 20
87 18
55 82
42 2
53 97
26 28
83 83
97 39
52 44
75 63
88 38
25 61
52 50
57 55
4 32
69 78
50 2
6 14
85 11
75 65
3 9
62 77
24 88
27 89
79 26
59 70
43 13
16 76
95 99
84 17
98 51
75 81
63 77
82 41
37 98
86 64
65 19
26 53
83 44
18 1
52 16
87 48
31 82
4 69
37 86
50 90
76 23
91 89
22 42
65 20
36 1
45 64
70 72
41 4
30 28
65 76
30 49
3 97
92 53
84 60
61 2
38 20
50 6
67 12
35 62
59 51
42 46
31 42
14 44
70 7
49 17
55 38
71 48
92 0
28 42
98 68
56 87
59 25
41 86
7 18
42 6
11 75
45 22
98 44
13 84
20 59
32 50
58 93
76 59
8 75
96 71
35 43
55 29
97 26
96 63
65 81
19 96
28 62
90 16
74 50
72 26
95 43
50 93
61 11
92 90
77 19
61 46
64 90
87 63
48 26
17 2
39 63
15 82
1 30
30 55
42 62
56 96
64 44
20 63
57 1
5 59
97 31
55 37
30 79
51 18
20 56
78 0
47 90
65 34
41 42
99 98
71 70
38 57
12 97
88 73
60 19
88 77
38 98
12 41
20 87
24 78
91 24
97 6
41 8
68 32
52 15
38 38
24 66
69 23
61 5
83 91
17 95
97 85
66 64
22 91
22 33
19 72
49 49
35 66
49 19
52 12
39 49
25 5
72 72
73 63
96 76
62 46
83 50
53 89
76 30
97 89
91 95
8 16
50 85
55 78
24 82
41 58
13 11
10 30
65 86
91 99
52 12
85 86
88 19
50 45
39 10
38 33
44 7
4 7
58 47
91 69
69 17
77 57
7 44
31 13
99 97
48 31
33 88
59 71
55 88
49 6
77 40
20 87
91 31
69 72
95 95
26 27
79 48
83 41
35 58
77 85
14 54
65 60
61 67
4 74
78 61
25 32
67 14
8 92
77 81
24 98
39 58
96 54
68 72
99 84
92 59
17 34
90 5
90 21
13 19
83 57
84 47
78 83
30 9
55 58
15 63
90 43
66 47
55 39
31 44
86 50
32 81
85 80
66 75
56 34
44 43
62 51
60 4
43 55
73 9
24 32
86 98
11 67
29 55
45 35
60 58
17 31
85 30
21 11
66 85
86 35
97 48
45 15
93 26
79 82
42 7
6 34
75 36
26 34
59 73
57 74
42 64
34 50
57 5
98 46
38 13
3 25
63 69
22 79
48 90
58 89
58 51
54 42
81 22
34 43
94 87
40 31
88 62
76 31
50 9
4 12
73 15
40 17
42 86
79 6
16 21
98 99
42 25
20 58
28 31
56 71
42 18
27 0
21 11
52 21
40 9
90 64
23 51
84 98
20 70
5 9
71 4
25 99
96 64
86 59
47 41
44 45
52 96
96 95
11 92
94 76
55 55
12 18
39 45
85 23
87 93
61 63
81 69
23 56
63 98
30 5
98 70
71 91
26 5
44 15
10 67
53 38
9 41
18 92
23 75
53 68
29 39
11 43
33 61
1 52
77 6
6 35
81 83
2 57
8 9
47 89
75 61
96 29
44 51
56 75
22 27
34 98
44 71
59 30
6 48
40 72
98 27
11 91
17 72
57 83
80 63
18 52
70 88
95 57
24 23
34 1
84 99
16 41
59 73
45 36
2 56
65 27
7 55
96 17
87 40
89 45
36 74
35 52
8 55
0 57
33 3
84 37
87 29
68 59
86 82
20 22
84 43
64 42
77 56
62 9
96 60
86 71
23 73
0 1
33 68
37 13
23 4
54 88
54 15
65 37
13 16
60 24
17 7
0 17
58 4
20 7
48 93
5 73
2 47
42 23
79 13
98 76
45 66
89 45
15 75
9 71
16 39
88 90
28 50
84 9
32 65
10 80
51 82
80 26
83 30
26 43
0 89
6 8
28 49
88 99
1 59
73 45
18 91
7 63
71 90
9 89
19 25
82 56
3 56
31 85
6 35
53 37
81 1
7 99
73 16
41 90
75 54
34 29
31 26
58 67
64 50
93 24
36 83
23 81
91 0
82 90
53 18
44 68
99 18
6 20
85 90
42 17
13 44
4 23
26 47
66 73
18 43
10 70
73 79
84 27
55 41
14 80
98 37
10 50
31 48
81 3
82 15
10 0
70 2
62 25
85 10
10 51
39 41
5 22
71 55
60 98
72 71
74 24
45 24
99 39
39 98
31 42
81 71
59 44
61 32
10 53
44 34
16 67
44 61
56 80
1 94
68 65
82 41
27 66
7 72
17 49
91 49
20 28
58 20
39 45
4 45
43 36
2 86
2 35
68 22
29 46
23 34
85 74
84 1
60 97
36 52
17 88
38 97
74 51
56 31
13 59
61 56
18 35
15 21
82 76
51 71
76 34
58 82
27 62
40 49
63 80
1 88
87 84
51 77
17 90
37 8
46 84
78 50
56 38
75 82
74 99
19 18
44 73
69 7
13 55
69 91
48 81
95 27
42 21
13 96
37 37
77 0
30 87
32 61
16 52
62 26
20 66
44 10
52 94
66 18
31 56
81 91
82 8
42 7
18 57
77 20
82 25
89 55
56 74
87 43
42 29
82 14
89 36
58 81
34 19
33 14
95 3
23 1
23 57
24 22
69 61
74 81
30 63
86 31
25 55
61 4
24 52
78 56
38 13
60 52
3 44
31 81
73 7
76 46
71 45
17 73
18 49
59 17
68 76
61 21
58 96
39 20
65 11
82 46
63 60
71 46
51 7
83 70
89 8
0 93
75 25
10 91
54 64
49 6
71 5
1 22
1 88
13 20
47 41
15 92
43 10
88 85
46 47
16 17
64 81
25 76
18 39
69 70
37 62
81 37
37 90
87 72
42 4
77 82
79 50
51 53
73 68
89 43
93 29
95 89
93 87
41 5
43 26
10 4
94 75
1 22
91 45
95 75
2 26
73 61
42 94
89 8
30 77
98 96
24 86
12 17
39 94
76 11
77 28
18 33
99 94
89 26
88 87
17 22
50 45
3 52
55 97
46 55
48 74
10 13
97 18
22 56
84 13
38 21
96 84
71 56
70 41
68 65
54 47
49 85
99 70
31 8
38 9
77 53
36 44
33 54
58 44
42 73
27 54
73 65
85 72
72 82
10 92
45 47
24 92
88 60
38 63
11 93
12 72
44 97
87 35
74 22
62 18
45 24
84 26
40 11
56 93
73 39
42 12
8 93
39 19
81 1
71 42
42 17
74 74
37 50
30 38
0 39
45 86
62 63
99 21
50 17
50 79
94 44
80 23
42 72
11 27
5 93
43 34
87 11
15 49
7 3
85 26
28 42
32 5
98 33
85 21
79 55
28 90
43 95
69 24
86 70
74 15
67 33
53 40
65 64
74 60
14 56
78 52
22 73
72 97
53 36
28 35
17 22
30 2
87 2
21 0
26 53
56 74
86 63
7 97
50 59
20 17
37 23
37 26
6 52
82 73
78 80
17 38
32 96
46 53
44 13
37 80
79 20
96 17
53 4
53 83
34 25
45 28
68 50
26 49
45 15
29 89
58 99
31 32
56 18
96 5
38 93
4 47
61 45
82 9
17 27
65 8
17 56
91 27
15 78
72 76
20 35
50 24
6 52
98 1
76 13
12 96
71 96
51 58
31 27
41 68
45 33
78 90
65 85
41 18
30 21
80 71
6 15
24 54
44 87
52 50
2 7
38 55
21 8
93 38
83 26
63 83
11 33
5 59
34 26
84 37
21 66
81 72
60 51
84 16
68 28
77 31
58 41
39 65
44 37
28 14
2 37
23 35
74 44
94 34
10 21
34 34
3 3
34 66
38 52
23 29
34 93
39 62
33 10
83 50
6 98
22 59
59 82
58 23
49 48
17 22
67 79
48 97
36 74
48 87
53 46
42 45
78 5
8 8
10 12
14 29
75 74
20 67
9 81
61 65
43 93
18 99
54 95
68 57
67 74
46 8
24 18
40 41
3 53
13 86
25 31
95 71
4 40
55 7
54 67
0 66
40 31
71 63
29 16
98 1
91 71
3 20
32 93
79 96
69 37
84 61
62 54
12 89
8 47
89 73
80 13
30 51
71 84
68 17
75 3
37 11
3 60
17 91
10 9
82 97
77 21
59 87
27 65
57 25
23 98
56 36
42 59
59 33
14 4
72 87
25 53
72 67
73 71
3 74
19 15
38 30
85 42
74 88
73 18
80 99
76 80
24 14
59 43
14 22
3 32
29 67
90 59
90 22
47 63
87 75
66 40
60 12
58 43
30 15
4 44
51 25
14 66
54 64
19 66
50 56
96 30
47 97
86 68
35 98
46 99
35 95
15 49
53 0
18 10
66 70
43 63
89 7
84 70
58 86
11 81
67 15
94 57
41 63
78 7
48 37
55 41
18 54
71 19
15 90
18 9
23 46
57 95
17 68
14 33
57 62
70 54
95 17
6 41
94 49
86 76
20 58
37 75
92 53
1 69
42 11
38 73
24 17
81 59
15 15
25 29
22 54
29 51
89 80
81 75
95 46
53 73
95 88
39 54
97 73
66 10
67 66
68 53
2 67
95 45
87 50
84 17
91 52
76 94
43 87
16 81
8 36
13 66
43 29
52 46
71 73
32 72
41 70
23 34
92 42
10 29
88 79
76 57
49 47
7 69
83 25
74 43
42 50
79 91
70 38
15 93
9 85
51 58
75 33
46 68
1 36
88 83
42 33
85 67
25 19
71 65
12 95
85 59
17 42
47 1
80 58
64 44
74 99
5 93
7 96
48 55
56 53
31 86
94 87
42 10
24 12
21 38
22 49
62 61
17 20
2 93
66 4
6 32
15 28
85 9
22 79
4 23
68 82
6 63
42 80
20 74
33 17
56 75
68 78
54 46
82 5
12 35
47 19
28 93
24 20
55 49
47 52
12 54
71 36
80 38
99 2
68 33
60 10
52 69
10 51
96 31
75 35
12 53
88 23
90 79
54 47
42 31
65 34
28 60
15 23
34 97
94 36
90 65
42 55
21 91
52 14
98 9
28 30
36 31
66 86
27 30
94 70
90 39
58 37
77 29
53 29
18 49
70 43
72 26
71 19
86 13
73 17
94 62
97 17
8 95
28 91
73 92
69 39
70 43
33 48
95 34
63 36
19 26
22 36
41 19
10 70
14 84
74 58
9 95
82 33
0 54
71 93
35 85
48 37
41 17
92 59
51 19
22 18
61 91
78 45
22 33
16 72
18 97
77 82
74 36
69 36
99 64
29 20
84 14
70 69
46 88
87 25
15 73
28 72
91 72
86 13
41 63
84 36
81 59
85 67
86 80
66 72
12 39
60 18
98 67
50 18
43 94
99 48
99 97
33 74
43 60
72 21
37 31
71 62
98 70
29 2
53 71
47 46
45 51
97 81
85 86
89 64
92 1
53 50
7 38
44 92
97 64
54 1
12 78
32 59
36 9
59 0
66 75
96 90
40 75
13 90
30 89
50 0
98 98
71 80
15 43
75 31
4 81
42 6
69 4
23 13
52 2
6 87
64 38
56 58
68 34
13 81
43 27
49 64
32 36
93 46
13 53
78 87
65 43
95 28
64 41
92 8
88 85
7 46
81 62
22 17
61 67
29 83
64 30
38 37
90 23
77 72
35 91
99 3
29 49
82 74
19 34
81 17
87 93
22 51
33 96
21 80
22 61
54 89
97 48
3 30
93 57
20 64
31 40
74 77
4 38
58 50
70 0
39 69
88 6
58 78
58 48
96 18
20 93
32 10
46 13
34 6
56 27
24 99
68 45
72 28
3 31
0 7
12 9
1 38
26 47
8 79
0 82
83 23
86 66
93 76
37 50
42 12
92 53
40 55
71 87
86 79
0 9
48 87
7 93
13 44
68 70
53 30
85 87
68 59
66 85
76 29
92 37
71 0
48 44
73 63
66 20
91 33
75 49
15 6
13 50
95 7
53 49
91 65
3 54
32 77
58 73
34 38
41 48
78 22
25 14
28 32
5 8
79 36
15 85
62 99
76 51
14 59
73 51
65 58
10 55
18 70
64 2
96 77
9 78
87 58
3 30
16 43
70 36
74 75
29 36
45 48
98 54
94 90
11 6
91 62
26 93
43 30
76 50
74 8
41 32
69 68
46 92
18 71
40 13
44 18
43 43
74 62
26 43
28 33
12 67
76 65
9 12
39 80
63 18
67 40
79 93
19 19
70 98
39 29
48 24
65 98
72 30
14 39
81 26
97 84
11 41
48 52
91 48
44 72
55 79
99 21
9 99
91 23
92 39
33 83
83 82
26 7
22 86
76 93
85 7
19 93
54 19
36 27
78 33
4 59
2 58
85 99
60 59
83 29
6 43
71 75
40 31
23 90
2 43
47 31
26 60
23 98
96 25
12 5
93 5
34 53
15 55
88 17
18 7
92 74
25 69
97 1
54 70
26 22
16 60
11 20
26 25
63 34
38 82
94 39
39 86
41 65
87 92
41 26
83 81
85 53
76 52
62 39
72 70
5 21
27 20
26 82
72 57
90 3
76 49
47 24
62 87
96 62
81 38
89 88
56 30
54 19
17 93
48 18
52 45
57 41
17 10
25 45
98 58
21 94
22 20
66 56
16 41
42 54
41 50
31 60
4 12
69 0
69 0
99 35
36 65
78 54
71 73
16 29
8 67
88 86
25 51
3 41
19 23
86 0
44 69
78 29
67 37
0 38
19 15
5 0
60 50
56 82
11 98
86 78
3 97
10 5
97 30
13 87
92 8
78 67
65 20
31 76
82 19
76 3
4 56
25 44
18 91
89 33
38 10
94 72
76 0
91 51
81 87
3 91
19 5
22 36
50 96
56 90
14 39
33 13
51 10
77 5
29 50
93 99
13 51
68 21
74 32
26 44
76 9
81 33
71 40
0 56
34 22
99 60
31 3
67 49
28 83
24 76
72 56
78 61
16 16
93 18
54 73
41 80
20 52
35 74
39 15
30 19
53 6
15 56
33 22
99 50
82 10
90 99
96 3
90 13
30 26
2 27
58 85
89 81
1 15
7 22
74 84
68 90
29 83
47 0
83 32
98 11
26 90
26 80
38 2
7 90
24 4
72 4
23 86
78 49
20 1
24 91
76 80
96 8
57 74
48 10
32 41
94 49
5 49
57 91
6 51
39 57
45 78
19 77
35 53
31 85
99 6
91 6
50 15
43 89
62 48
70 44
88 73
54 28
52 79
85 31
75 76
92 43
27 60
9 46
96 8
69 13
51 57
45 24
74 97
77 18
36 96
16 43
15 20
59 30
56 9
22 97
30 19
41 27
9 85
67 21
26 35
18 54
87 92
62 42
27 88
66 43
89 42
81 79
14 72
82 83
38 49
97 58
55 85
29 3
98 18
24 29
15 32
48 62
44 66
13 52
39 78
60 52
57 16
56 8
87 64
62 68
92 68
89 8
66 17
90 92
68 28
58 28
20 78
80 52
51 14
43 1
79 20
75 63
47 36
23 14
57 69
32 85
28 28
10 32
95 2
75 33
38 12
37 56
7 86
14 73
75 52
18 42
12 88
93 96
32 74
44 77
39 16
48 84
81 4
15 12
59 27
85 69
8 0
0 26
26 6
90 51
29 64
86 72
12 34
71 48
77 35
44 47
13 53
10 20
6 6
60 89
66 63
7 86
32 3
68 45
27 45
56 10
68 17
26 38
77 59
34 49
93 64
54 80
62 35
41 46
67 47
24 69
49 0
46 78
88 87
12 94
86 2
7 19
12 29
61 11
85 84
8 18
69 41
80 94
96 65
62 26
25 78
49 70
80 25
68 84
87 51
79 16
31 11
32 52
39 32
81 36
39 74
62 70
58 10
70 23
19 62
57 22
24 81
39 88
25 19
6 24
57 5
81 8
49 59
74 8
97 96
55 57
6 11
51 74
89 68
65 1
74 52
57 40
19 1
11 83
19 68
0 24
54 53
66 0
97 65
50 94
8 59
82 35
46 9
37 56
69 85
50 71
69 64
46 62
16 67
98 15
95 1
87 98
82 45
34 81
59 43
63 66
19 55
7 71
54 65
91 93
97 37
48 18
79 15
11 68
54 8
71 27
25 64
77 96
56 80
94 69
12 20
51 54
92 35
1 73
80 22
48 53
7 24
47 9
25 93
18 18
39 85
82 44
59 26
13 0
8 37
51 76
64 99
79 61
93 15
62 73
55 82
26 84
88 12
49 92
72 46
33 3
42 84
62 77
84 41
41 72
65 35
2 46
43 38
57 49
9 46
11 68
87 38
76 68
42 6
68 60
94 26
66 6
39 18
0 30
91 13
52 2
35 55
6 51
46 70
51 17
69 45
67 79
7 61
62 86
16 8
2 30
81 95
72 89
81 46
94 58
72 43
11 83
78 50
61 85
21 66
53 26
79 87
98 62
44 13
26 81
14 5
93 22
29 18
55 0
78 48
62 87
51 29
65 1
50 72
40 52
12 18
54 90
28 44
9 31
88 88
57 23
7 9
7 56
83 81
80 78
61 96
89 45
55 34
74 93
87 70
24 50
93 90
98 49
67 41
19 89
14 33
74 9
5 57
86 9
84 38
10 45
49 58
27 82
31 80
82 16
50 26
12 34
51 5
88 42
58 2
88 2
4 96
5 65
83 50
83 35
60 20
0 43
19 14
21 9
49 80
80 14
56 82
52 66
95 63
57 90
35 50
25 4
2 3
95 66
23 77
14 41
24 87
16 74
36 56
6 6
16 73
65 26
9 28
30 90
50 3
0 52
24 72
23 87
69 90
92 19
76 49
67 6
58 45
84 31
66 42
14 0
11 22
85 65
79 87
98 51
15 83
88 16
12 59
72 69
94 54
32 24
10 4
56 66
24 71
64 30
21 60
99 84
56 26
29 5
90 6
84 39
23 74
48 35
64 97
30 61
56 60
84 20
83 30
48 29
24 60
4 45
42 34
71 94
9 40
34 91
73 10
41 75
64 11
13 34
23 63
57 28
24 93
27 8
46 46
6 96
57 67
37 46
2 25
71 75
51 33
26 79
9 12
3 92
45 12
37 91
6 68
76 48
44 38
75 79
2 98
90 69
54 95
4 93
14 82
71 41
37 58
24 83
44 29
51 60
33 71
32 35
53 9
90 24
20 63
78 67
36 23
53 58
32 77
84 86
71 64
35 59
50 3
57 40
97 16
27 92
93 38
28 12
40 40
95 77
39 38
95 73
71 57
39 57
12 80
34 32
48 41
60 97
59 21
10 87
71 43
15 65
43 95
89 78
98 40
76 35
56 49
11 55
73 67
62 40
54 30
98 98
23 46
32 59
4 52
93 91
61 82
63 39
25 89
43 75
60 82
78 32
52 57
14 66
51 93
89 81
24 5
53 68
20 1
73 67
12 25
63 79
16 42
47 51
88 8
72 96
82 97
29 83
86 7
26 59
10 65
91 47
4 88
9 34
49 36
78 67
7 58
43 0
87 32
90 1
26 62
66 42
30 38
75 19
39 80
49 3
32 50
37 19
88 16
37 22
46 42
60 90
11 23
43 57
27 94
73 17
86 85
71 77
18 78
84 48
55 14
15 46
94 17
35 60
32 76
40 74
19 61
15 37
28 77
98 84
89 27
51 26
2 0
82 81
55 43
9 23
79 66
47 41
27 73
58 15
31 63
55 54
35 43
22 36
37 74
83 48
79 23
79 86
1 13
30 25
86 7
39 27
33 32
46 3
64 67
9 52
99 20
23 85
33 6
48 33
24 93
50 16
94 55
33 6
36 41
72 8
24 8
28 11
36 73
89 46
28 13
17 45
14 92
3 49
71 73
66 1
21 89
29 15
1 44
74 83
5 80
43 72
59 63
20 9
89 9
12 71
19 80
44 10
72 61
43 79
11 81
41 75
81 97
64 99
71 62
43 63
55 80
55 52
22 40
5 77
94 30
51 80
77 45
99 30
59 83
76 15
33 29
6 53
95 92
1 28
10 63
22 79
87 91
16 5
72 11
88 49
99 51
98 36
97 61
59 54
6 34
33 94
1 6
23 61
45 8
38 81
9 40
90 43
23 86
68 57
4 51
8 14
80 75
11 14
6 46
32 30
69 55
77 40
82 61
84 72
96 32
87 23
60 78
11 91
50 7
14 60
98 36
95 43
29 92
64 59
60 8
48 54
34 41
21 59
68 11
83 0
25 21
24 63
39 79
56 37
70 49
87 52
71 2
23 36
59 47
81 18
46 18
49 33
65 43
21 86
92 33
35 60
23 9
53 73
22 11
40 23
89 32
76 14
5 98
7 90
33 83
98 3
39 74
57 69
88 76
19 51
68 47
82 78
36 69
73 63
15 85
95 22
2 97
94 34
1 19
73 55
68 54
56 94
47 44
0 6
1 60
16 96
98 99
36 79
17 74
31 27
72 39
69 2
29 67
0 20
8 29
75 78
49 77
43 36
97 29
2 77
44 37
85 7
84 53
35 3
99 28
17 89
87 95
65 1
99 88
86 89
58 90
73 76
61 73
86 44
43 36
76 67
19 32
70 70
91 77
23 25
8 15
58 20
35 6
35 65
24 1
18 28
69 53
13 96
25 48
71 13
68 97
86 58
57 94
95 15
26 70
90 14
10 65
87 0
72 63
76 31
83 70
67 45
42 62
18 86
0 37
55 85
59 30
11 6
31 64
24 82
38 66
87 12
77 67
86 8
11 71
55 98
40 33
21 73
3 63
68 64
66 40
35 78
63 92
4 98
66 74
12 43
81 52
81 85
48 49
35 49
48 19
42 66
29 71
2 14
28 1
17 56
78 53
31 1
21 94
13 6
36 56
36 25
0 68
68 92
89 6
31 42
19 60
34 21
69 97
75 54
7 66
88 77
52 69
36 33
81 6
65 37
90 2
13 33
51 68
9 2
43 84
15 36
31 94
86 50
32 33
3 41
13 63
71 60
16 13
79 1
65 52
86 93
24 46
40 86
61 8
14 52
94 76
24 48
62 82
43 35
49 76
42 10
85 23
90 41
91 48
16 97
77 76
58 68
68 24
5 1
50 62
42 60
29 24
55 81
36 67
70 13
9 28
99 98
9 41
19 94
84 52
33 62
38 4
45 62
92 98
72 0
11 39
50 63
83 32
46 54
3 67
20 33
16 67
84 7
26 68
27 14
1 12
74 87
67 43
87 64
33 92
77 0
32 58
26 68
20 58
18 28
42 76
2 74
63 20
54 61
7 28
3 57
31 97
92 66
62 34
58 76
56 14
23 24
18 55
21 93
88 48
77 2
26 35
59 43
64 62
52 90
46 35
99 9
16 77
81 44
45 37
84 99
70 15
5 1
37 82
57 10
64 46
94 96
80 35
70 68
22 0
91 23
43 32
45 6
82 57
13 79
44 55
20 5
40 9
77 89
48 39
48 14
19 29
38 72
35 97
22 47
20 33
90 0
20 10
46 68
14 74
15 60
23 80
10 0
63 61
31 28
82 66
39 10
0 32
31 75
52 53
1 43
39 52
13 6
56 50
93 99
51 66
47 94
42 51
61 63
59 93
83 45
57 44
29 55
35 86
37 91
71 12
51 59
52 92
97 84
26 97
18 8
94 35
38 29
69 9
99 3
14 62
55 0
52 27
66 1
94 0
44 26
34 24
34 13
69 99
47 83
21 78
93 80
34 89
85 96
23 91
25 52
27 71
95 72
81 98
78 63
23 69
7 24
96 10
27 31
88 32
32 81
23 76
58 77
79 54
72 96
86 87
9 98
91 26
85 20
72 85
68 82
53 68
60 72
66 7
13 79
58 37
33 40
64 76
52 59
20 45
2 99
46 81
16 1
20 96
98 30
51 5
72 35
41 58
97 6
52 7
28 66
77 57
89 75
89 26
26 94
51 73
37 5
23 88
50 56
49 51
6 78
3 96
14 49
9 30
32 8
14 28
16 8
56 82
28 36
90 99
65 47
84 97
18 79
1 88
96 65
87 28
53 61
65 53
51 6
94 8
67 59
1 10
5 14
17 77
65 7
5 16
26 8
18 7
45 88
44 34
78 32
46 45
11 75
50 29
32 8
29 30
32 38
97 65
13 14
16 69
21 67
56 87
38 59
50 98
72 70
64 70
93 71
42 89
52 92
45 10
94 54
18 14
24 4
98 38
15 45
17 99
44 48
93 82
10 44
14 13
90 57
37 94
75 91
85 23
32 54
57 34
40 45
89 1
20 43
15 37
93 1
53 21
24 66
4 94
9 26
54 64
65 81
2 39
52 68
64 63
38 84
10 89
46 98
12 21
24 68
93 26
62 93
81 89
60 47
3 67
63 18
76 93
37 37
82 79
61 95
0 69
64 9
21 42
98 26
17 40
19 67
22 0
29 67
15 64
56 71
94 45
22 81
21 9
97 76
71 8
94 64
29 58
75 41
88 2
28 47
8 79
49 32
93 34
78 18
29 37
5 97
57 89
75 61
14 40
58 90
35 68
74 23
20 0
79 65
36 57
40 66
7 45
29 65
64 78
86 56
31 44
9 58
30 35
5 81
27 24
33 81
29 9
90 2
94 70
82 50
7 77
56 48
63 6
22 53
26 10
86 97
75 51
28 58
0 84
13 5
95 3
40 5
66 2
92 31
80 16
0 31
99 54
25 73
68 3
77 62
15 77
94 82
95 56
92 91
84 0
30 49
87 42
33 21
56 11
61 54
5 84
30 49
79 33
18 32
72 29
99 3
20 79
55 78
42 24
58 23
40 57
93 74
51 94
13 49
78 18
92 14
27 16
54 25
21 43
4 72
14 28
16 60
56 74
41 16
80 2
8 55
27 12
89 24
5 50
99 88
51 47
41 80
45 37
16 15
44 80
56 81
91 99
79 72
18 19
83 67
47 20
37 7
39 98
33 95
26 67
3 21
0 2
91 18
0 32
16 21
77 39
39 92
67 70
59 28
78 6
98 22
5 41
3 18
91 26
74 80
89 61
90 42
81 32
63 80
34 27
40 15
17 87
83 34
83 79
8 29
77 32
25 50
13 36
36 65
22 36
6 47
85 77
24 41
41 8
68 29
30 11
52 62
66 85
84 67
87 97
98 13
72 39
36 14
23 52
24 97
54 1
91 51
4 11
89 43
16 80
98 6
40 0
32 92
87 93
17 44
12 14
57 41
92 36
3 20
28 70
87 91
97 94
25 97
74 61
68 70
32 30
26 88
37 18
45 17
49 86
62 70
8 79
60 94
31 99
17 83
71 19
41 76
83 86
93 78
79 18
34 80
14 92
19 2
39 24
44 88
43 37
88 23
42 62
29 44
0 14
20 41
5 82
0 44
22 99
30 33
90 27
82 0
73 90
10 10
70 90
26 64
53 94
50 58
62 27
31 66
46 20
76 66
11 13
41 9
48 56
35 36
94 76
49 65
38 63
33 49
5 39
51 50
6 40
65 31
56 15
83 41
0 13
61 94
52 34
18 18
88 97
30 65
26 57
79 55
60 69
56 97
99 62
27 31
54 53
12 66
47 26
31 66
31 11
97 12
29 44
5 48
26 22
2 91
87 68
98 76
36 35
52 12
35 8
60 93
82 15
82 32
40 14
69 30
10 0
33 3
98 78
34 53
68 97
73 96
93 20
29 1
85 45
71 45
51 12
40 44
33 51
95 80
25 10
64 17
10 23
43 55
33 2
39 23
92 28
78 8
59 61
98 39
4 96
85 49
32 97
11 84
92 28
94 11
59 7
10 77
5 62
96 37
32 48
58 60
90 13
65 47
82 79
31 49
76 93
86 54
72 43
18 86
29 85
53 57
33 88
64 39
14 71
42 94
66 86
19 86
44 28
76 57
51 58
91 76
31 34
84 77
81 31
29 92
59 36
26 60
57 73
42 6
37 79
13 54
40 31
53 56
49 97
91 42
29 68
34 61
93 23
84 89
58 48
60 92
83 97
69 98
65 83
79 76
19 80
96 62
43 14
98 7
77 73
32 36
66 22
11 7
17 34
72 54
8 24
0 69
65 19
56 60
86 86
64 3
54 12
69 45
42 54
72 80
81 72
92 20
47 9
40 48
11 45
8 85
53 47
7 46
68 1
68 48
83 14
14 57
99 51
79 30
85 84
38 1
69 42
70 10
66 34
31 97
71 68
87 85
29 5
7 41
5 19
33 60
0 24
56 39
67 15
85 52
33 23
55 98
55 72
87 28
55 30
77 49
64 89
83 74
4 87
63 76
80 22
16 24
81 48
3 14
23 99
72 58
61 53
58 18
7 53
38 60
57 73
66 96
11 73
44 18
72 34
95 97
73 76
44 42
73 65
82 24
77 90
58 71
32 55
20 29
16 22
2 32
29 12
81 49
67 76
40 97
31 92
83 16
45 57
70 47
10 93
52 42
90 55
47 11
82 52
81 81
72 54
23 65
36 77
1 99
83 47
85 88
18 68
3 42
46 69
72 60
13 13
71 51
49 32
66 10
1 77
74 53
11 10
75 60
12 23
42 23
66 95
18 13
36 64
15 56
78 96
89 46
62 23
32 54
17 66
55 97
42 74
82 1
20 64
79 45
66 33
7 6
10 15
55 75
84 61
36 44
12 4
49 3
94 41
57 20
14 21
33 66
69 55
68 2
53 18
71 87
81 52
48 58
17 12
47 30
27 33
51 90
29 96
54 93
88 97
46 65
58 57
58 93
11 6
27 93
16 80
75 81
46 19
21 98
98 90
86 29
32 59
98 92
67 18
42 29
29 62
0 93
95 57
13 10
18 62
67 68
77 30
9 25
48 76
82 45
10 80
53 97
31 15
19 16
20 94
96 36
46 83
8 62
24 50
36 55
82 12
81 59
15 68
75 43
66 92
26 16
6 96
97 97
98 82
40 72
18 27
93 62
48 46
99 32
14 80
30 87
8 71
56 40
28 68
37 60
22 88
45 40
84 40
22 46
87 47
35 39
88 69
37 62
16 24
8 48
63 1
63 53
65 54
37 74
64 48
65 7
78 31
21 48
17 54
72 23
37 68
82 66
64 3
21 73
54 91
49 14
4 40
62 12
15 19
35 22
95 28
30 75
99 90
24 91
99 25
11 38
68 79
94 24
68 84
64 62
15 91
76 88
57 89
8 72
83 83
86 26
22 63
15 5
77 57
43 79
26 69
22 8
93 56
77 94
60 27
24 28
90 85
26 23
2 89
79 49
98 23
13 68
40 1
24 54
91 7
54 11
42 67
14 52
0 21
93 92
39 81
21 60
69 65
94 15
94 75
54 37
2 75
24 99
78 57
61 37
86 37
21 15
38 68
54 21
41 33
34 81
46 41
25 33
24 41
30 79
42 75
40 95
26 40
70 63
96 60
20 18
14 77
67 0
43 85
84 66
78 34
43 35
8 1
18 89
76 51
33 33
5 9
82 6
76 56
26 13
34 74
82 35
9 49
47 99
43 71
52 23
84 78
57 43
95 67
76 73
38 64
73 41
92 76
12 85
0 30
17 92
52 34
14 69
32 40
0 2
69 58
56 98
20 12
50 4
19 68
70 3
47 56
42 69
56 61
4 61
12 35
36 37
83 92
79 11
67 54
72 42
87 49
7 82
38 24
6 5
10 65
29 25
95 38
26 30
15 9
47 52
40 58
82 16
20 64
68 55
83 48
97 14
47 88
67 50
43 4
85 55
4 59
54 82
58 54
6 8
41 68
68 65
13 55
83 11
23 23
33 84
1 83
16 66
11 45
35 50
28 20
84 28
59 65
56 5
24 1
77 5
6 37
97 90
55 12
65 81
23 73
65 67
94 38
65 40
97 65
79 29
43 17
89 83
41 28
70 45
44 68
40 34
7 18
52 51
48 0
22 24
98 25
85 11
30 85
66 93
59 46
54 83
23 60
93 46
10 86
52 40
32 14
40 7
28 42
95 61
51 3
48 8
58 63
20 45
53 94
85 82
15 37
65 98
15 74
22 27
6 8
1 80
77 2
53 84
22 80
1 71
96 85
95 12
77 64
4 57
76 19
99 69
63 95
35 30
80 6
67 87
16 92
78 7
45 33
76 74
91 52
65 40
89 44
15 94
77 98
56 56
30 24
40 80
65 56
54 66
16 79
89 89
0 93
37 67
83 20
89 53
90 47
4 91
73 82
44 38
87 20
72 18
85 28
43 99
31 17
11 62
43 53
32 78
21 4
87 45
17 50
22 53
33 19
10 55
88 28
85 21
67 44
48 47
86 25
40 57
96 33
53 33
84 78
73 64
57 49
68 52
45 64
49 67
96 75
11 58
67 24
58 97
57 56
55 36
85 42
26 72
12 72
30 47
16 1
45 1
26 88
60 53
44 22
40 7
43 79
93 70
10 19
56 41
68 8
68 47
57 82
87 15
61 86
48 93
4 88
0 97
58 27
74 14
70 89
41 21
52 54
60 94
73 57
13 17
87 30
73 17
6 63
78 14
98 86
95 85
86 23
55 72
98 18
90 4
34 41
33 49
53 73
91 16
40 50
32 49
41 29
43 41
91 65
3 95
83 42
31 60
59 46
77 30
83 87
45 86
82 1
96 46
89 52
9 93
23 37
31 50
94 41
62 19
79 46
35 33
57 4
82 35
42 18
43 52
63 74
46 92
34 11
38 18
86 77
0 73
83 49
32 77
37 51
50 52
77 46
46 61
25 96
70 37
55 33
52 71
66 76
29 16
63 81
60 7
47 32
90 14
12 41
77 57
15 64
64 51
52 47
67 50
47 83
11 98
90 70
60 94
35 45
20 61
13 66
83 92
89 2
87 84
93 29
93 47
26 29
15 19
91 26
5 11
76 35
36 37
93 6
7 74
55 99
84 11
12 4
23 55
92 0
66 6
33 75
35 50
19 42
43 44
54 78
94 99
61 43
75 43
65 6
4 34
21 18
19 49
34 4
54 58
59 46
1 35
24 96
83 87
63 17
93 12
57 67
64 8
92 37
49 96
35 88
43 99
47 67
95 7
72 0
51 86
66 7
99 48
38 2
46 26
9 57
16 87
95 29
79 83
66 43
45 26
6 22
79 42
32 31
75 93
64 22
70 11
50 40
80 62
4 81
49 76
15 94
10 55
71 20
94 29
91 46
67 44
73 32
59 93
86 18
77 76
26 83
25 13
47 89
87 95
53 44
14 75
80 30
41 42
17 78
90 84
27 17
88 49
29 72
10 76
92 25
44 77
19 81
84 58
29 4
4 29
14 37
44 78
95 73
14 16
23 77
75 5
37 17
63 9
9 82
52 13
97 85
36 58
93 60
62 22
43 7
85 16
73 58
45 31
15 16
91 89
41 41
75 82
58 21
84 93
94 59
15 98
49 52
61 52
35 34
85 88
95 34
80 19
28 84
12 90
20 90
58 92
29 87
67 43
41 61
13 56
35 95
31 77
94 12
25 56
87 55
10 91
12 41
69 3
29 9
14 67
35 76
83 47
12 33
85 13
38 35
24 72
5 89
61 10
14 56
87 62
98 7
35 45
95 35
57 77
14 91
84 33
75 72
15 63
10 95
76 3
25 58
19 95
38 10
46 39
63 58
13 77
4 65
55 69
38 75
99 67
64 78
63 47
58 87
41 13
67 83
80 79
14 79
89 37
58 54
40 15
43 54
93 51
29 13
62 62
53 11
40 95
7 19
35 83
73 50
16 99
53 1
78 46
42 79
17 87
34 77
71 16
85 64
50 16
53 0
7 53
73 57
61 62
14 20
55 5
80 71
86 93
13 20
47 94
90 17
42 70
76 1
93 94
43 87
43 60
2 93
76 73
18 77
69 21
17 52
49 52
77 55
24 55
26 62
59 24
82 28
20 94
74 54
65 5
18 81
9 17
1 72
82 24
55 56
23 29
6 13
22 13
16 86
1 17
26 57
22 48
74 16
9 16
79 71
96 6
99 80
2 44
16 69
10 68
20 94
11 77
5 28
34 92
73 22
45 57
18 86
33 8
31 36
33 56
51 17
36 85
14 14
82 56
56 31
5 0
14 43
13 9
53 1
32 50
79 76
86 30
63 3
5 65
53 6
9 73
0 63
90 8
20 82
9 54
20 38
79 95
60 82
11 14
87 93
19 41
4 50
70 93
18 73
35 44
52 31
57 93
56 13
49 92
71 47
30 65
17 45
83 66
91 22
32 5
8 20
41 80
64 61
45 57
66 86
31 62
77 7
12 25
7 48
86 45
72 10
94 9
30 56
29 64
21 87
26 78
8 67
98 62
91 2
63 56
45 10
65 90
73 2
83 22
91 57
62 43
5 81
37 41
0 58
53 11
40 76
79 57
45 40
56 71
62 28
62 58
69 70
11 52
55 51
0 79
41 20
80 74
14 5
96 50
96 93
42 58
51 22
14 83
56 73
20 1
76 42
3 38
65 51
27 90
80 87
83 91
45 60
36 38
10 27
10 46
34 29
94 29
66 20
54 34
32 49
46 51
74 69
78 5
2 27
75 64
55 41
73 22
99 96
19 86
2 23
8 47
42 70
89 23
80 72
17 45
21 79
64 87
86 94
10 43
97 4
94 75
76 90
16 22
88 64
67 51
89 30
73 20
53 29
6 80
92 88
32 14
79 83
46 86
61 19
74 17
81 99
38 58
63 71
12 7
36 14
72 87
94 87
67 79
12 22
52 0
65 14
22 63
67 89
21 52
79 84
19 13
73 17
66 47
35 27
5 29
90 32
0 0
68 77
72 39
20 23
85 16
27 67
21 34
30 14
89 88
64 39
9 69
72 26
3 14
40 35
79 72
96 47
42 79
80 33
14 10
47 42
52 93
95 54
60 50
30 9
28 39
54 16
97 80
1 15
29 54
76 59
80 98
60 83
35 57
93 83
73 79
81 11
48 94
79 35
30 87
71 18
3 38
34 38
99 38
48 98
8 27
37 8
25 67
53 68
24 73
79 69
98 32
52 68
90 72
58 12
29 17
80 6
88 72
28 26
84 14
91 8
59 72
57 63
59 43
67 20
72 33
68 10
76 67
5 20
29 6
15 61
12 29
5 41
25 34
96 89
27 84
75 76
39 43
46 62
80 66
57 48
88 8
12 32
33 60
79 43
58 82
18 11
62 39
51 55
94 27
8 69
31 16
94 77
29 95
13 41
71 90
37 92
20 10
0 66
64 29
13 28
44 9
45 79
91 45
92 3
12 66
62 74
8 77
60 2
3 4
26 91
32 25
62 86
77 65
21 5
16 42
19 48
47 8
47 10
18 42
50 12
70 44
36 6
27 25
89 98
11 65
96 94
63 98
64 41
93 61
18 66
74 77
23 58
56 18
20 29
38 70
46 60
77 93
74 5
95 55
31 78
18 66
12 41
54 84
62 66
30 54
5 37
71 17
12 58
63 89
42 40
35 62
14 34
51 54
40 70
47 60
1 13
31 57
48 29
44 93
13 80
2 17
37 99
0 48
21 23
8 50
24 98
87 41
18 66
84 52
20 51
57 96
87 67
6 12
72 34
36 70
40 6
44 66
31 50
86 19
48 3
85 34
14 2
21 47
68 71
39 65
35 70
95 99
27 31
52 63
68 36
22 95
8 11
94 92
74 2
91 81
91 12
77 96
47 9
12 91
0 95
22 23
13 67
2 65
55 31
25 67
83 58
79 7
13 82
25 46
32 70
88 48
27 64
93 80
95 2
48 80
34 19
70 89
99 81
84 54
76 15
40 85
36 22
6 91
18 49
87 15
14 93
82 46
81 82
76 43
35 89
58 14
56 38
54 18
28 56
98 53
67 17
49 88
49 39
46 32
16 46
61 87
52 40
75 76
12 78
31 44
12 16
23 66
59 71
81 53
70 99
42 89
18 12
33 71
98 33
3 61
29 76
11 7
87 83
97 15
13 98
7 59
64 17
27 34
95 26
27 58
19 64
13 29
17 4
29 82
68 29
3 29
46 1
37 58
44 86
4 58
47 56
31 50
97 15
50 82
94 0
21 58
15 17
73 92
81 72
82 39
89 5
91 26
82 0
67 32
95 40
23 86
86 21
87 39
5 80
76 35
60 71
71 28
23 53
75 67
96 42
32 29
67 24
52 71
29 72
92 46
24 42
57 94
98 32
51 11
81 73
79 9
45 85
82 11
67 8
2 29
66 62
22 80
21 46
56 50
12 87
94 77
4 92
6 78
54 83
13 5
55 5
24 6
42 36
91 23
12 38
14 33
7 85
97 15
83 11
77 4
10 86
98 57
78 32
34 84
89 70
76 65
29 86
59 12
30 36
35 68
41 77
17 31
38 18
0 20
77 27
62 15
20 15
70 80
99 95
42 73
29 88
23 27
88 71
63 69
72 19
11 37
42 42
17 13
54 97
80 84
21 20
90 58
63 36
21 44
38 18
19 13
82 20
24 72
29 88
65 44
18 13
47 78
91 0
16 53
70 64
6 79
35 46
5 4
13 52
38 25
65 26
62 97
1 30
42 47
31 41
89 8
38 56
94 3
65 10
16 70
72 51
0 7
98 79
7 30
54 52
4 32
28 85
3 37
56 57
95 85
73 1
33 85
79 99
12 18
5 4
88 78
70 16
85 63
72 60
73 40
54 64
78 54
40 1
29 94
20 86
27 76
28 0
24 87
22 6
84 44
33 80
59 69
41 2
61 67
88 38
63 88
61 77
48 74
80 40
26 20
98 44
99 91
53 1
75 42
42 98
68 95
21 16
32 69
29 85
29 4
51 97
72 64
30 22
6 63
39 4
26 81
11 66
52 27
71 8
15 83
33 49
50 40
86 68
89 89
99 19
10 86
53 43
89 21
50 17
71 99
3 41
19 75
21 50
81 9
24 61
95 20
63 56
23 45
54 74
17 67
22 36
81 50
69 56
68 11
81 68
83 12
20 7
22 26
83 59
16 15
32 20
31 78
6 86
39 38
97 79
1 83
13 53
89 80
61 29
9 99
96 27
47 28
83 98
13 7
79 50
23 21
33 80
43 30
75 40
77 82
64 52
45 48
5 67
3 9
2 99
75 70
66 30
66 26
69 65
61 90
15 46
18 61
19 38
54 78
82 56
93 55
78 99
35 44
38 43
19 31
21 0
49 17
95 13
30 15
95 95
36 11
50 45
63 5
36 31
36 14
13 80
91 22
43 56
99 0
72 0
54 41
47 64
11 0
60 3
65 56
43 13
59 18
58 36
18 48
68 47
96 34
91 24
28 66
78 45
11 94
29 94
14 21
73 47
44 94
65 59
11 32
38 76
27 41
95 24
37 26
0 30
67 42
81 67
40 47
30 86
40 13
79 76
82 84
39 89
95 0
41 9
35 56
79 93
92 73
65 84
67 56
3 87
75 96
