1000
99 451
952 807
744 836
74 868
877 758
176 355
139 549
179 525
993 604
585 532
563 176
227 98
916 617
756 120
208 367
264 628
197 51
847 629
360 463
509 906
21 295
645 630
240 815
172 892
672 719
151 980
318 829
924 51
641 350
124 479
508 834
372 591
750 889
40 807
789 536
371 253
611 870
863 116
393 200
525 641
318 989
670 877
757 563
875 970
232 575
596 128
650 263
376 375
787 674
991 420
129 30
961 550
152 361
153 366
521 39
452 615
993 523
340 100
865 208
443 141
516 482
186 595
288 747
168 115
505 288
513 843
703 533
82 160
178 87
395 423
773 876
704 499
189 570
7 339
669 119
216 615
471 62
476 933
974 250
347 793
26 365
999 304
387 660
270 608
379 374
949 860
908 19
451 642
191 566
394 694
92 57
53 240
414 669
812 892
10 811
438 416
729 428
210 558
559 333
471 380
498 765
514 906
214 744
656 547
595 465
447 203
605 495
261 251
251 463
976 519
632 959
440 609
216 950
540 220
648 602
747 112
853 446
912 457
748 354
240 702
306 242
549 676
559 149
834 246
34 5
140 318
426 920
179 670
171 92
166 895
277 785
687 893
518 255
821 742
237 776
50 27
776 533
755 984
306 380
4 78
76 497
562 146
245 238
745 602
7 651
908 325
566 242
893 598
476 489
707 123
223 768
983 911
844 1
845 502
92 830
684 868
502 618
247 243
791 351
758 582
82 144
774 863
547 786
239 518
740 857
324 915
853 934
26 2
828 798
815 594
700 290
870 881
505 659
647 852
721 445
371 9
308 692
892 182
454 776
269 930
310 241
62 819
441 252
109 573
51 173
740 76
71 396
634 750
549 777
738 439
630 651
664 746
301 137
911 181
987 448
825 479
102 688
551 750
130 577
68 393
99 29
270 31
314 263
660 688
58 266
207 401
259 362
180 468
683 174
84 528
218 985
776 319
326 750
708 3
992 332
336 147
885 377
263 461
548 748
822 47
950 491
374 904
499 878
902 473
857 209
295 533
941 294
60 109
490 336
538 906
160 905
328 618
786 601
350 272
245 633
285 658
278 430
894 935
11 486
246 173
161 253
930 45
926 126
137 297
378 34
791 986
426 376
990 493
450 577
369 818
541 104
574 565
765 426
640 158
484 662
153 141
844 734
665 767
429 40
791 100
470 672
221 991
678 216
760 327
576 218
874 937
681 884
53 329
193 584
113 920
922 23
375 15
155 66
974 91
331 600
357 142
300 355
711 457
680 932
96 475
632 148
568 578
759 338
354 596
876 163
987 520
580 349
334 261
597 184
686 534
678 179
585 708
17 342
694 530
848 484
973 95
523 3
606 297
304 64
358 595
864 698
618 613
6 941
903 971
957 538
30 895
844 284
716 0
117 64
317 551
81 604
387 55
123 81
99 940
894 27
976 310
365 643
146 485
337 156
113 652
474 651
424 668
710 508
956 741
210 384
541 430
115 856
385 139
245 792
261 973
618 322
157 597
583 877
22 172
575 606
971 255
772 298
999 814
919 9
318 29
178 358
919 387
212 120
445 748
176 115
455 491
194 581
342 197
797 309
336 789
421 274
628 997
593 795
601 703
496 329
623 993
635 897
101 418
151 938
695 493
521 391
943 46
648 196
273 171
111 884
876 680
763 384
481 596
295 432
749 258
596 757
4 735
870 582
370 28
4 740
793 101
392 446
12 745
66 807
401 750
855 339
611 868
81 821
208 602
927 379
264 871
7 453
988 478
886 229
158 268
778 64
926 670
373 687
217 572
550 911
847 453
493 706
785 905
48 952
361 25
436 301
467 276
146 413
562 358
514 804
625 237
47 869
209 179
201 740
508 51
582 347
234 159
894 386
626 187
355 780
857 47
426 751
21 888
824 15
0 322
4 735
99 28
62 17
232 21
314 412
27 384
121 174
243 730
895 578
76 777
556 9
770 776
724 240
205 95
740 357
202 406
429 619
529 104
907 199
76 454
409 871
589 648
117 218
526 360
381 57
816 411
146 872
35 988
808 421
383 276
801 420
687 571
2 957
903 910
391 559
111 430
795 472
391 417
210 636
350 611
848 948
122 241
113 367
206 467
675 394
862 213
477 269
695 973
38 850
665 389
525 941
518 823
809 921
22 820
405 990
133 945
394 188
687 755
598 400
231 762
518 996
3 620
653 274
144 642
383 100
227 614
240 652
555 16
419 785
801 17
466 720
173 547
119 734
171 179
967 461
113 43
136 856
625 974
450 354
790 337
380 865
845 808
664 615
569 237
905 209
648 172
729 132
549 608
189 108
902 239
523 311
449 609
388 200
700 544
954 945
805 756
929 384
461 474
667 405
119 143
267 159
791 191
506 851
871 910
777 472
296 560
659 130
88 595
675 654
227 305
518 49
956 370
631 686
82 436
157 433
537 346
12 120
467 340
791 546
495 632
384 664
466 748
606 946
831 208
970 631
536 705
521 861
98 59
545 423
8 471
16 226
710 670
609 211
152 374
973 278
441 712
761 809
398 671
623 727
419 415
696 23
615 257
433 457
994 609
835 297
943 711
0 836
361 44
782 282
426 158
589 919
207 254
848 542
967 658
213 388
517 60
749 228
984 216
852 932
418 632
706 331
696 54
731 711
305 857
836 577
120 840
972 710
768 989
283 730
715 154
879 66
383 152
793 638
227 923
296 116
692 475
102 607
295 664
467 32
812 217
576 856
551 207
785 494
725 157
867 872
120 458
409 958
570 326
949 442
555 434
871 312
343 830
803 936
273 677
262 978
554 124
740 894
767 514
776 729
134 546
5 997
45 898
376 468
790 901
936 413
704 221
887 94
955 416
721 35
808 229
620 391
858 830
893 888
692 583
954 450
951 179
181 150
250 121
358 825
739 382
127 596
860 347
968 300
309 546
68 388
660 799
202 190
351 616
513 298
781 55
870 148
125 389
421 289
213 607
47 982
902 322
516 12
252 688
492 631
149 682
192 835
975 823
842 686
185 285
125 531
902 677
510 769
29 786
542 815
76 30
898 702
636 343
28 185
690 618
775 166
738 101
850 317
167 494
457 274
855 86
171 622
475 324
664 633
28 389
421 901
927 866
770 624
313 167
138 792
118 723
626 989
649 134
276 442
440 451
620 154
436 618
80 533
250 418
400 509
431 322
239 245
874 855
84 798
24 348
686 570
541 533
244 827
451 439
850 886
842 361
844 575
424 259
382 332
553 366
682 599
969 820
982 23
585 685
292 331
678 205
270 88
700 977
273 83
4 348
53 812
6 540
574 923
850 452
638 143
216 127
850 318
748 854
572 210
911 190
367 585
905 832
199 58
900 506
103 509
700 403
448 178
614 915
354 330
62 987
747 255
788 264
933 787
196 333
652 777
484 385
378 518
998 747
13 40
506 208
374 692
993 391
10 541
986 921
786 520
558 667
895 125
532 56
644 694
766 811
797 511
324 160
242 865
763 102
748 96
722 900
318 704
421 361
776 65
785 461
741 215
252 464
491 567
132 401
69 294
315 121
372 91
693 43
618 839
19 536
682 888
972 703
114 958
808 987
434 824
829 425
192 470
564 141
971 784
57 732
304 92
219 903
55 470
928 179
582 439
285 725
957 82
482 519
243 630
726 462
195 794
166 874
414 946
323 231
485 308
159 498
831 478
664 682
425 481
11 370
250 298
425 939
178 264
873 155
496 598
322 102
259 575
18 857
804 910
979 326
690 60
256 977
270 631
541 421
206 118
585 131
545 140
714 577
477 104
240 980
668 360
370 575
634 968
50 728
666 663
892 105
400 773
257 723
546 742
868 142
180 607
49 501
900 365
947 719
119 572
227 883
142 255
900 532
94 443
730 238
275 757
742 603
425 645
722 349
171 655
756 559
474 691
600 46
923 283
446 606
389 585
633 973
309 188
932 818
711 77
963 401
323 85
355 724
81 192
98 872
215 463
918 893
884 945
242 225
856 72
927 681
187 637
49 736
312 734
924 906
887 470
706 668
3 134
965 466
911 78
236 876
497 440
8 589
773 128
607 158
586 856
841 887
42 698
290 381
243 401
564 733
94 675
708 879
170 684
171 984
543 401
761 16
122 698
418 241
561 956
161 796
971 157
250 443
750 686
674 784
711 553
469 234
432 738
802 936
84 509
511 715
715 654
834 885
179 605
227 691
750 406
317 410
402 937
346 244
160 133
147 358
419 713
520 116
390 277
888 449
201 363
323 891
240 102
254 550
774 610
719 101
99 108
449 368
711 864
452 404
354 803
62 777
758 890
127 545
38 463
622 202
765 141
595 689
348 213
507 157
775 734
697 132
739 113
789 374
145 303
597 861
530 868
799 221
499 116
843 975
597 490
489 922
747 77
269 756
814 479
110 77
649 864
583 461
495 808
780 774
188 547
411 641
959 861
851 466
196 358
239 465
378 37
934 297
310 851
826 49
584 541
312 432
366 341
477 752
59 721
130 23
155 759
958 286
486 378
811 112
282 653
154 644
75 90
448 253
244 14
107 399
30 898
669 480
788 554
686 201
542 804
480 218
674 645
128 668
441 664
905 524
929 234
815 104
555 93
53 552
704 509
494 997
91 31
842 546
739 674
437 255
341 782
660 908
756 197
279 424
631 11
718 413
581 238
483 597
62 668
768 325
470 668
132 329
770 750
316 35
570 233
579 135
518 385
664 189
549 767
758 78
172 791
397 439
973 912
708 120
344 212
647 554
984 826
174 683
107 441
869 998
193 89
972 414
511 611
318 990
363 613
495 522
884 691
104 963
350 382
181 259
423 702
177 271
842 736
12 670
524 711
267 738
747 245
732 190
857 573
849 277
410 39
763 55
680 293
856 234
193 849
980 408
784 100
350 571
163 818
501 952
266 54
490 141
236 866
982 235
517 207
616 352
492 149
947 373
816 362
95 564
434 883
199 670
118 287
596 97
669 221
653 206
372 685
759 646
524 179
953 606
671 767
762 588
103 312
420 385
52 236
171 729
80 921
927 897
952 622
273 284
323 912
463 859
552 307
232 762
468 171
639 779
306 535
608 17
863 956
198 111
817 440
460 97
694 264
778 869
319 743
548 191
801 213
614 688
144 400
811 569
706 937
601 423
863 173
420 393
779 181
836 978
421 185
498 473
264 393
176 599
678 288
118 156
466 107
766 491
437 510
791 85
125 492
91 336
146 916
823 942
519 785
524 520
847 144
559 342
734 784
272 103
118 167
23 784
528 890
783 230
610 440
425 764
51 478
553 817
160 778
656 781
699 258
944 329
688 497
852 804
714 892
550 430
55 478
411 992
404 398
132 707
989 783
706 88
476 862
788 172
757 606
982 626
873 813
11 592
103 124
39 947
214 158
917 377
411 1
99 607
284 889
435 449
286 832
538 845
906 661
478 775
331 23
484 722
396 102
918 334
853 994
574 32
407 732
276 490
93 679
116 632
694 882
690 501
699 834
321 523
298 598
158 986
308 737
337 657
859 66
947 818
748 956
29 429
349 961
165 898
932 290
748 333
360 974
659 22
757 177
139 864
882 369
944 572
611 870
470 615
456 183
400 991
697 991
729 127
836 628
699 432
58 317
5 39
285 762
881 811
769 757
572 700
136 43
598 153
491 650
217 470
529 100
813 51
754 969
251 854
332 829
717 690
195 669
300 80
222 82
473 774
943 2
617 275
470 887
129 937
159 693
967 398
519 923
693 42
333 57
416 218
317 460
909 381
377 572
60 717
353 674
563 793
581 856
763 373
962 241
554 565
291 818
604 757
770 260
863 237
249 98
943 183
945 25
164 793
659 470
384 644
924 850
316 26
725 30
339 556
581 674
535 890
203 879
49 898
679 501
218 41
663 117
258 677
517 223
175 284
23 218
290 277
608 91
572 585
191 106
455 203
15 139
358 660
376 451
669 318
399 982
528 529
432 431
242 457
688 125
980 344
419 328
322 121
531 420
672 356
870 943
837 575
684 671
519 890
44 312
871 831
736 159
979 319
134 321
421 858
922 617
75 288
335 274
674 173
728 621
549 783
257 780
34 305
899 48
481 465
718 938
87 0
108 368
296 615
957 189
153 522
215 410
217 499
754 188
836 126
80 224
918 241
503 764
695 573
245 163
156 265
996 551
411 930
119 673
829 961
619 852
413 954
126 345
740 38
728 751
401 66
860 572
447 368
777 506
248 29
188 8
902 807
690 110
27 710
975 914
223 431
10 644
776 201
825 125
243 770
376 345
153 98
780 817
549 380
126 739
550 141
292 774
733 918
243 197
27 935
169 793
304 640
344 877
68 536
329 501
789 12
331 127
339 200
249 702
526 798
501 686
719 479
106 761
984 706
642 256
363 654
771 108
369 358
881 224
66 925
989 454
679 418
513 383
475 728
170 864
105 665
220 663
460 506
452 561
17 487
76 73
743 353
551 779
682 594
786 455
697 676
751 4
420 168
470 917
932 63
358 336
41 312
737 692
446 324
853 210
893 25
695 58
937 919
424 996
807 215
691 731
254 837
13 894
608 736
425 33
22 678
762 401
892 502
794 641
92 356
356 683
129 654
779 162
903 628
301 153
748 543
425 938
719 304
73 800
35 879
228 405
323 176
304 504
133 280
699 274
648 174
714 72
885 199
312 743
401 419
693 224
405 142
590 969
134 631
416 597
171 193
524 929
501 848
285 268
993 674
141 646
988 585
34 729
841 28
93 206
72 916
882 788
216 521
948 220
943 552
213 551
761 871
863 759
749 236
924 461
404 705
453 902
905 835
501 785
341 923
283 301
505 249
479 852
961 137
472 137
338 854
70 825
122 472
36 13
499 610
659 906
4 302
67 242
260 119
370 642
945 594
179 723
976 131
503 712
933 926
709 707
209 31
726 842
273 893
33 765
37 974
109 667
42 550
152 762
313 43
675 171
560 927
977 312
595 426
65 77
42 461
98 661
264 354
88 676
960 849
376 600
756 835
10 561
575 533
508 430
335 817
55 464
342 236
863 382
536 902
857 428
562 897
209 933
77 726
865 233
200 606
288 564
953 433
280 473
447 121
273 273
276 762
338 999
11 196
529 953
463 962
493 177
62 826
600 709
149 683
130 510
71 926
833 457
729 486
128 68
127 439
515 429
594 570
160 337
753 939
9 285
790 147
183 225
197 976
506 782
193 968
134 93
544 324
930 110
765 874
430 545
200 838
134 262
332 383
340 632
660 107
132 101
317 28
730 44
27 46
39 756
963 452
991 6
197 396
101 291
169 43
279 839
532 110
414 241
409 408
854 168
23 399
757 609
320 90
432 353
249 960
675 982
673 359
693 394
317 445
538 844
634 314
596 411
984 901
365 867
83 482
212 884
857 248
346 136
450 672
719 219
428 107
94 45
31 632
780 185
818 800
942 607
800 190
688 65
898 465
415 469
617 982
830 888
215 912
101 326
300 22
523 653
24 909
675 378
482 394
6 992
619 112
467 963
206 263
921 201
811 269
897 563
718 929
79 238
885 990
647 9
420 42
687 360
553 847
912 580
338 256
721 783
91 498
249 457
719 76
497 564
957 594
48 480
173 229
27 335
318 660
493 234
621 495
0 663
272 250
138 696
159 402
129 955
327 593
109 145
708 87
530 202
901 974
81 567
796 322
379 559
417 538
102 989
927 719
711 112
629 771
599 221
320 294
911 519
251 82
210 12
544 598
807 497
972 51
514 685
409 385
650 491
486 807
37 574
150 854
405 557
45 343
422 826
13 462
445 709
560 943
556 5
364 211
564 956
159 408
936 655
731 173
116 775
128 938
296 612
205 592
734 213
558 77
29 386
967 129
824 658
539 396
984 17
630 766
851 517
307 499
308 146
698 668
915 651
290 613
396 965
904 224
939 850
762 787
368 670
175 75
542 560
294 935
611 0
832 623
90 135
866 429
975 161
356 651
834 195
967 780
373 817
191 722
760 74
861 623
748 955
765 691
746 308
818 183
777 918
737 361
903 59
535 592
416 300
466 989
625 184
118 914
244 960
777 973
905 862
361 813
903 408
5 193
398 297
151 459
170 10
880 753
505 245
684 472
897 911
174 592
299 31
184 161
715 252
25 319
511 447
13 792
659 39
91 690
575 975
496 89
605 937
945 802
522 925
105 608
480 182
585 851
499 438
336 166
563 128
822 513
721 775
474 198
384 737
213 769
369 539
329 821
22 531
371 837
374 240
383 676
428 122
864 646
55 49
689 175
642 381
921 485
844 878
941 179
910 558
39 231
402 371
880 167
154 164
428 937
314 619
933 162
104 912
651 740
352 761
549 455
809 404
547 491
433 354
902 632
925 366
83 782
670 857
41 62
24 668
824 118
887 324
989 218
251 467
254 238
171 925
410 814
601 825
767 530
510 736
973 575
33 803
832 55
897 138
409 587
861 528
505 296
4 278
648 787
345 536
504 843
318 611
537 197
719 646
995 96
474 975
63 799
511 526
659 754
158 554
408 623
415 60
249 755
280 950
525 749
988 11
662 545
457 615
221 793
974 718
208 895
875 154
728 689
367 753
476 158
566 88
421 997
657 803
133 181
49 987
594 922
788 859
266 258
943 370
826 401
738 384
915 72
409 58
84 284
372 442
672 433
565 251
904 714
407 944
928 746
656 795
51 337
608 951
545 329
41 637
118 675
345 226
652 275
433 904
892 91
124 586
865 120
152 584
458 648
654 761
18 793
261 480
266 888
978 935
530 814
757 789
304 977
713 275
362 428
702 653
867 984
971 540
76 545
364 472
143 440
793 236
582 448
536 206
103 69
321 727
0 523
25 858
216 41
671 968
563 986
171 255
354 694
896 387
715 240
158 603
533 336
744 740
81 622
616 369
40 622
219 275
932 97
789 986
730 601
996 3
297 395
856 410
934 202
53 916
361 194
243 308
542 569
886 893
419 180
578 194
442 59
684 561
635 882
195 353
219 536
269 325
23 128
22 728
452 291
839 592
877 69
596 181
525 884
439 505
672 346
906 239
744 120
493 632
202 362
834 72
148 50
348 204
749 491
712 917
962 494
127 420
432 217
799 215
603 138
368 650
167 635
442 656
452 168
541 997
278 634
53 225
300 288
961 343
150 12
588 935
515 988
298 293
534 513
153 32
605 117
787 743
954 71
775 163
42 990
771 557
129 536
305 570
278 361
748 107
458 228
529 425
889 488
18 49
937 93
573 271
272 127
728 703
620 501
731 155
903 96
222 781
960 802
772 408
655 738
18 689
951 413
192 765
42 917
32 880
103 364
829 960
91 382
734 924
150 597
826 469
416 550
994 713
671 617
667 360
162 973
101 994
779 543
224 407
510 375
685 294
989 672
94 893
332 993
968 584
201 985
159 221
45 900
361 180
409 478
461 254
196 292
758 289
719 295
564 84
468 747
366 727
622 983
886 614
986 351
313 398
390 470
532 982
101 102
872 801
246 643
858 226
696 765
369 963
233 406
533 979
855 171
618 738
81 543
541 521
860 925
338 740
380 599
427 80
66 835
865 369
930 43
724 251
405 940
761 599
914 17
852 399
186 314
890 258
529 911
548 435
93 511
366 577
961 815
169 961
883 468
42 594
693 385
0 208
846 211
556 676
810 179
345 312
491 272
990 184
338 937
8 885
948 115
488 204
612 96
375 13
821 816
19 423
904 500
168 527
461 2
635 156
485 606
608 929
945 642
608 700
619 678
944 929
315 180
436 963
196 548
772 259
924 959
453 261
126 630
652 461
241 972
266 902
880 536
74 915
342 226
105 27
823 14
369 84
304 515
160 461
886 950
472 176
543 643
300 281
400 755
496 430
510 218
68 325
921 42
984 426
561 102
288 458
606 513
283 959
966 484
708 312
176 292
504 413
837 157
980 896
747 10
463 790
330 986
276 103
101 76
479 445
453 517
769 359
453 652
245 868
799 871
706 947
371 34
761 371
387 733
796 931
632 906
650 548
350 377
980 123
844 683
371 565
392 769
405 150
859 204
216 883
91 911
859 251
737 859
775 923
361 133
119 800
297 345
694 846
726 548
428 512
178 649
960 459
932 938
445 198
394 639
835 67
755 903
17 935
27 10
303 951
683 668
890 765
25 406
412 710
106 843
684 588
855 753
488 760
543 35
912 638
175 482
927 224
939 584
7 767
589 342
938 696
905 317
600 761
282 522
864 836
186 496
143 34
742 809
173 41
244 557
72 255
326 292
701 143
612 165
614 503
564 401
248 784
439 680
457 25
28 553
63 573
960 719
589 806
204 182
96 350
396 550
512 472
273 222
220 334
817 471
943 479
600 440
206 140
169 453
366 489
600 887
273 530
461 536
704 830
736 855
79 995
0 143
536 850
382 918
726 788
973 355
261 589
786 516
675 88
966 211
726 726
521 407
727 820
16 910
514 960
494 644
76 844
379 297
785 641
33 687
750 691
423 888
645 826
455 867
578 486
230 300
817 673
148 934
261 477
984 948
204 122
737 687
512 964
551 745
932 912
63 911
962 730
147 362
704 74
221 606
118 459
148 865
777 511
444 631
981 105
863 782
473 214
535 75
345 26
458 677
424 236
60 301
788 306
275 456
855 28
522 0
289 413
642 50
199 751
835 764
791 120
47 308
323 529
117 778
523 16
699 797
206 629
444 509
507 494
797 707
724 87
922 923
96 385
857 396
519 385
436 977
436 771
110 813
710 722
822 750
533 796
41 950
483 669
560 633
574 312
318 143
664 969
628 439
851 939
253 337
240 182
235 652
623 351
107 372
481 93
36 601
405 210
211 447
272 646
465 328
373 527
513 363
26 593
548 484
517 770
664 765
689 496
486 970
424 533
499 186
962 117
743 733
558 73
274 514
700 963
283 670
390 999
140 538
856 663
137 99
143 569
154 229
875 763
82 460
237 515
925 922
657 685
368 637
960 514
473 220
215 172
46 797
172 803
202 543
537 536
799 870
328 954
910 66
795 306
354 47
179 820
445 493
178 700
354 682
614 244
815 546
76 590
983 835
854 251
223 502
218 461
990 393
680 774
442 750
72 628
753 957
540 61
92 481
444 994
542 755
458 127
92 840
568 817
415 930
168 849
599 181
468 428
108 186
533 304
692 692
471 678
40 622
938 99
949 419
420 271
972 397
514 680
759 750
976 380
482 987
435 433
97 327
564 195
804 903
613 518
722 775
356 670
176 57
491 694
196 475
308 527
86 179
93 221
454 22
264 378
858 720
210 71
202 777
664 821
323 177
677 81
645 840
343 965
347 674
481 429
824 428
672 27
217 782
972 801
632 322
957 268
760 848
175 941
752 779
895 127
827 853
982 569
744 158
893 724
787 706
493 236
731 371
209 734
58 870
445 367
714 443
184 964
657 366
961 57
862 413
952 789
186 497
782 618
995 287
980 510
838 180
902 193
363 371
27 69
161 596
298 892
931 660
304 528
388 274
250 811
220 562
535 199
823 860
284 500
712 383
557 810
876 801
425 692
739 660
139 80
827 618
567 515
148 476
536 675
550 36
667 819
487 633
96 869
236 979
44 865
606 613
751 477
101 231
276 213
197 779
693 101
733 437
40 721
89 403
152 709
122 279
494 805
69 452
653 837
795 346
328 30
852 953
473 687
669 480
705 379
390 463
999 472
852 573
191 81
627 169
721 74
446 836
332 225
718 544
97 828
798 617
992 93
801 276
551 836
389 402
543 701
286 543
483 132
754 684
889 870
672 875
648 5
489 368
707 724
849 956
636 873
515 921
638 964
770 664
788 993
60 863
994 554
78 973
530 922
7 583
71 396
250 50
910 43
222 511
618 247
657 495
320 679
675 589
565 255
609 388
101 854
677 606
675 574
413 852
611 23
812 41
929 517
327 967
703 611
64 961
292 727
310 139
545 931
450 30
737 269
636 965
583 610
669 549
712 617
436 276
456 549
25 193
42 693
513 485
327 1
190 560
929 983
680 57
589 724
179 132
919 692
894 613
27 388
644 721
921 705
94 161
941 298
994 811
127 344
583 325
634 575
311 357
4 872
700 710
884 534
371 512
648 859
877 953
391 94
927 177
255 898
183 736
66 796
38 130
385 308
726 589
458 306
895 283
758 418
978 4
721 338
620 956
7 876
184 60
429 953
898 311
942 253
53 364
86 250
852 961
705 652
288 23
991 381
249 269
487 443
29 945
133 169
211 930
895 434
527 533
266 418
292 640
305 599
944 456
247 588
501 791
138 12
734 160
146 885
790 379
966 14
83 310
117 643
475 842
994 990
680 379
942 882
714 249
559 715
987 470
51 179
335 766
930 615
530 498
337 927
884 785
78 85
447 449
944 939
56 778
391 74
845 996
352 237
274 529
879 106
395 891
154 372
938 456
595 216
77 691
215 468
612 713
178 169
834 104
819 509
554 558
164 76
250 957
200 646
901 660
294 879
415 87
504 451
399 126
752 956
192 324
452 305
733 859
939 935
764 675
125 503
659 480
204 579
364 701
922 956
451 163
634 600
235 835
946 212
582 885
693 235
57 248
916 123
511 942
296 826
15 470
724 545
592 294
566 156
788 59
634 249
763 582
493 453
527 331
153 360
322 620
997 800
148 464
162 38
54 384
238 778
242 233
137 90
167 438
276 559
781 504
821 989
670 174
105 962
69 210
948 459
721 682
413 454
592 586
740 282
268 59
921 500
372 554
360 614
543 532
920 314
977 664
657 504
89 865
750 971
100 178
918 201
950 815
29 575
57 246
43 805
860 840
502 295
692 376
864 45
139 585
67 905
699 118
475 35
482 225
938 677
317 997
643 580
759 920
227 916
440 899
483 793
888 192
197 677
306 783
93 202
597 314
580 297
860 178
822 88
346 670
280 585
68 773
393 640
179 193
341 454
664 229
175 469
392 940
889 293
625 474
19 857
709 885
299 280
727 245
174 641
176 186
827 786
57 891
821 699
933 792
499 938
726 522
800 626
858 682
121 741
873 334
953 597
822 790
269 103
179 949
864 794
547 803
888 606
238 488
609 612
920 711
985 390
919 991
207 841
904 78
503 295
475 193
529 987
138 809
942 22
217 71
759 373
996 648
576 243
821 308
915 713
186 31
100 336
431 412
471 750
98 246
397 42
16 668
882 147
21 652
44 829
74 870
67 152
44 177
100 933
288 67
660 603
48 866
76 111
920 546
417 238
625 827
56 924
436 40
249 28
164 572
973 374
927 709
298 466
948 523
164 568
779 551
164 12
114 621
42 244
779 336
138 468
61 595
883 229
179 527
179 213
924 288
456 548
910 17
388 606
504 49
53 107
363 365
495 544
594 767
397 378
714 336
530 170
863 661
41 158
633 77
215 203
110 389
682 82
239 778
739 105
597 331
532 579
43 648
455 921
509 560
497 493
539 760
667 465
682 419
30 697
943 401
781 297
435 60
623 191
807 489
489 263
961 74
801 326
582 294
92 270
786 689
805 323
240 99
117 773
104 62
588 108
373 380
986 800
927 581
842 99
592 937
89 394
631 747
75 892
497 243
651 671
923 399
948 164
283 604
346 492
457 158
456 774
241 308
229 189
816 107
684 528
389 596
333 959
29 512
174 20
560 525
241 809
531 452
763 789
925 242
235 479
523 823
451 593
926 868
823 219
735 404
455 808
978 867
516 328
324 119
585 783
582 834
252 144
814 632
990 636
450 840
175 648
985 12
635 638
375 722
529 548
88 27
197 535
767 557
127 396
279 434
88 467
176 661
932 197
661 780
215 978
90 354
422 162
564 610
384 84
213 665
333 124
739 289
716 906
448 341
153 80
193 461
170 356
351 619
327 316
704 0
26 701
523 701
693 54
883 318
239 29
958 346
107 482
518 489
995 86
238 245
137 101
118 183
953 944
122 378
880 567
435 908
165 541
342 53
122 618
69 509
224 294
470 214
107 970
645 835
185 44
860 277
960 269
833 188
130 218
121 627
405 685
639 3
704 836
914 376
142 915
154 427
207 41
212 677
637 500
144 964
946 355
603 893
947 93
404 849
617 857
416 656
147 709
92 534
860 990
146 39
42 643
874 484
819 992
947 498
778 718
938 478
125 202
891 786
437 537
526 784
719 620
226 88
304 318
943 318
84 916
295 83
387 449
284 77
797 511
559 216
972 487
377 527
772 922
658 140
824 972
567 222
554 85
558 18
88 658
295 561
684 817
977 799
840 900
836 791
573 493
541 740
973 584
933 593
202 733
756 32
942 428
684 789
90 655
539 869
438 671
182 463
264 432
392 931
72 685
730 968
722 195
841 519
683 854
178 413
437 163
75 29
217 612
546 17
963 370
195 603
418 368
612 406
685 627
687 40
615 34
642 555
165 416
848 799
18 258
95 249
689 518
831 49
810 929
117 847
489 210
772 492
146 99
3 332
239 680
901 497
430 900
836 850
655 643
125 429
955 355
977 963
708 276
684 488
838 334
25 809
280 611
269 27
179 715
622 565
989 891
578 997
421 951
507 204
281 681
952 10
216 176
726 573
987 830
293 948
249 600
200 910
284 467
375 904
350 9
453 259
664 615
424 753
444 970
116 997
483 594
526 489
849 598
776 208
656 44
127 764
390 394
483 436
125 604
850 268
159 595
207 254
339 948
505 485
753 424
719 497
459 179
255 524
523 356
434 982
416 923
58 127
56 632
359 269
366 241
802 287
507 640
425 347
799 59
367 112
768 489
49 183
870 503
970 435
622 646
277 888
486 219
527 68
467 764
639 999
822 306
890 673
831 551
466 659
442 109
697 288
971 793
425 886
496 261
678 249
673 366
959 949
240 419
526 268
913 303
845 634
697 155
494 39
833 783
369 338
464 846
206 738
820 820
793 900
881 882
911 19
172 618
921 813
298 970
216 364
695 152
706 27
366 113
762 10
64 26
404 868
204 688
891 78
992 675
406 941
243 68
856 668
312 668
991 145
557 155
815 224
169 750
758 753
533 825
2 584
772 561
993 40
378 346
636 391
644 848
348 700
269 777
669 752
400 0
457 869
798 297
604 340
140 625
530 614
118 86
274 483
828 514
113 586
737 631
155 246
592 932
90 578
182 791
211 783
907 373
494 669
539 515
485 862
782 706
321 687
219 906
895 80
878 219
864 829
103 569
417 696
156 536
963 949
808 950
354 600
772 694
370 809
741 729
786 973
930 821
924 990
576 150
204 650
55 782
343 940
88 651
222 750
212 959
932 247
10 552
313 120
459 785
374 398
300 528
286 550
394 279
458 988
354 985
198 168
25 116
460 119
845 674
779 22
260 261
846 606
804 912
928 381
963 682
890 769
644 802
399 921
132 615
788 447
854 940
276 849
363 626
803 981
562 40
811 955
897 284
358 74
199 679
72 890
509 370
224 797
131 402
978 834
30 220
158 895
501 337
352 494
184 52
418 216
210 98
886 75
942 113
811 38
530 347
9 368
933 523
223 180
124 235
248 134
219 69
615 221
644 247
802 723
372 829
116 259
864 368
75 774
194 15
853 945
169 345
961 643
763 577
845 354
189 115
244 175
560 75
402 802
367 348
727 779
102 248
592 309
610 339
709 888
838 487
496 151
851 892
443 947
117 13
302 151
754 365
282 276
694 987
784 653
468 476
5 873
295 323
777 249
533 51
270 662
780 783
866 76
672 682
295 416
51 706
45 476
639 91
218 583
503 46
574 276
170 445
323 62
319 905
503 17
835 74
31 849
755 317
895 88
153 513
550 625
207 397
157 626
54 667
316 24
51 157
338 399
195 703
152 601
114 934
499 843
909 112
612 589
123 638
552 469
167 974
640 529
654 612
72 827
686 197
735 218
376 918
535 384
778 773
237 829
239 135
941 21
551 301
3 218
855 256
508 41
918 421
269 173
502 553
730 970
759 414
839 296
636 806
897 389
805 633
721 826
433 641
840 293
617 455
661 809
963 565
839 982
512 936
625 716
96 736
126 149
577 615
580 498
132 964
400 151
206 71
992 26
862 281
270 636
216 462
161 893
356 625
399 715
335 610
190 902
158 57
630 371
935 439
265 134
744 92
532 326
906 556
604 915
402 664
603 525
87 640
604 110
612 138
749 559
205 622
248 911
263 798
852 747
198 813
8 696
766 476
720 909
635 300
756 477
69 968
983 214
442 303
156 769
920 442
443 39
563 605
330 90
423 997
853 498
349 376
814 22
37 950
982 222
496 708
717 460
549 618
803 513
275 968
136 435
890 241
470 306
182 205
15 249
448 667
774 488
918 217
274 819
886 109
698 362
406 545
507 942
371 961
951 229
194 650
539 942
756 728
794 664
961 895
853 904
303 917
79 925
577 997
481 949
603 676
251 105
957 768
599 330
42 352
590 17
511 38
394 348
621 561
544 224
970 473
195 254
810 821
416 612
459 890
110 789
644 26
355 456
789 449
745 595
669 126
297 502
652 847
382 329
551 450
31 773
429 537
264 636
236 725
23 12
490 724
603 565
733 836
538 178
837 492
235 364
389 250
413 489
170 541
579 168
214 714
343 652
385 708
811 874
233 426
117 683
739 531
366 386
758 798
583 966
71 612
311 572
46 110
569 676
452 60
231 527
897 295
252 957
764 517
943 672
540 472
322 932
466 532
298 885
461 327
607 348
175 210
755 751
838 218
915 685
321 112
75 930
300 602
714 797
401 229
603 639
768 713
451 577
371 114
565 515
320 136
817 184
422 670
441 633
932 603
895 894
187 647
349 550
910 478
183 145
179 585
605 171
728 941
444 679
505 922
567 204
262 713
476 389
906 102
936 43
616 127
263 747
863 648
88 993
902 954
660 77
233 809
769 466
355 610
68 727
176 127
425 668
119 867
440 144
538 119
463 874
853 12
251 139
346 109
474 670
438 986
69 568
653 568
210 397
293 795
334 132
987 505
432 79
637 334
477 187
325 903
855 945
550 682
491 566
816 302
354 684
408 354
463 192
460 562
78 642
360 202
271 367
454 171
665 493
861 397
997 430
803 248
50 832
555 234
960 372
730 277
22 789
818 580
44 632
690 25
627 570
62 5
706 81
803 735
695 894
382 526
900 322
184 312
391 271
150 412
492 265
383 600
666 392
962 748
350 276
403 951
535 345
550 707
877 658
366 230
920 492
729 32
561 832
151 148
732 529
388 683
134 190
365 171
818 698
290 485
205 935
509 995
490 36
14 91
954 472
474 934
534 72
203 697
206 349
703 248
850 846
342 294
886 311
757 866
250 176
797 259
101 284
262 20
489 58
27 404
665 782
400 216
889 63
139 197
23 979
503 243
747 503
979 147
893 579
330 195
754 175
458 308
558 113
26 863
268 534
664 211
931 232
814 565
596 362
535 832
393 385
446 817
422 287
628 973
34 456
264 145
98 865
101 835
414 264
441 295
845 545
679 432
540 470
187 715
745 740
115 645
574 887
553 690
49 648
642 904
139 596
180 455
500 788
375 614
99 367
228 105
844 493
186 913
526 982
902 546
998 567
471 624
916 694
579 299
38 649
70 268
867 837
887 595
366 474
124 618
417 63
814 658
13 714
527 763
751 308
909 62
226 368
208 569
213 263
830 661
16 541
267 45
220 188
517 813
206 323
137 295
940 704
10 176
298 861
649 341
946 241
66 495
1 200
401 425
311 757
352 673
321 33
523 94
616 181
563 331
366 784
343 360
245 630
938 321
286 667
692 451
303 586
62 266
211 521
636 479
852 262
375 6
860 640
937 388
761 335
966 851
452 856
52 8
84 508
290 553
693 710
448 897
989 849
371 528
647 224
543 666
452 538
341 626
98 228
171 785
78 324
634 803
495 59
470 681
677 255
63 500
807 912
312 682
344 149
555 463
285 844
518 612
722 554
590 907
850 879
659 343
23 721
366 708
45 572
432 57
663 842
941 639
998 203
220 984
528 767
453 779
654 937
296 961
320 649
804 489
107 536
414 716
939 580
320 2
592 382
362 763
272 229
435 161
204 141
892 236
470 535
296 587
700 985
353 615
400 511
567 979
27 649
229 291
805 483
341 596
128 906
466 84
515 872
573 407
882 925
969 705
313 946
398 860
789 448
171 209
732 143
361 236
166 401
733 463
206 815
894 903
545 364
647 216
953 414
755 193
567 521
361 254
371 8
541 226
85 958
202 344
647 219
615 553
249 973
591 71
912 59
794 690
107 113
274 447
973 772
519 727
480 658
291 967
264 565
663 977
182 755
643 870
358 800
866 244
213 407
0 532
145 312
774 790
954 349
265 275
559 438
209 196
754 14
792 359
287 528
405 23
211 628
944 23
309 614
770 650
324 88
409 487
752 646
615 208
316 374
621 381
349 699
766 899
566 224
860 175
924 836
108 852
228 686
806 923
550 928
264 691
435 614
602 772
536 844
176 509
100 459
724 624
830 240
9 571
37 789
864 333
335 672
655 45
921 163
117 233
294 789
448 756
255 153
690 32
740 952
20 855
703 154
552 8
736 943
970 12
237 289
454 271
570 108
784 93
853 156
949 509
749 109
120 873
85 352
87 996
957 559
420 858
238 148
43 319
165 28
5 87
978 661
791 932
16 17
812 88
688 816
893 692
515 722
537 214
838 494
683 382
366 182
861 229
997 623
197 978
605 576
254 121
444 967
777 640
609 294
373 538
357 107
984 557
472 306
15 516
712 326
987 885
377 352
842 38
512 983
483 161
155 619
935 984
850 977
322 47
196 826
903 688
315 566
650 553
213 392
32 606
87 860
355 558
784 544
817 375
174 22
380 184
350 337
2 851
194 472
90 227
910 205
307 710
43 189
765 270
432 205
112 490
36 646
424 751
40 65
654 37
892 0
197 298
33 563
569 160
628 775
927 402
52 793
471 877
695 647
906 600
263 360
121 720
856 665
384 333
528 357
48 311
734 300
830 947
850 188
155 211
812 254
771 998
166 803
669 393
436 26
462 96
19 349
283 591
946 962
7 617
749 150
10 308
799 912
289 806
332 571
171 774
728 213
404 42
382 595
191 139
809 592
626 123
476 252
715 242
79 577
283 234
289 815
783 625
639 63
45 912
278 881
295 925
65 333
21 913
388 913
715 444
51 864
900 566
987 88
531 185
171 893
636 938
644 556
938 182
427 702
10 185
478 496
887 75
853 78
53 259
244 500
654 2
757 121
708 499
415 394
665 147
498 703
232 433
707 242
418 57
783 810
214 6
117 583
272 984
106 970
719 619
480 982
21 809
714 100
998 681
920 225
418 251
367 556
926 596
869 320
55 365
154 551
758 388
712 570
688 136
26 754
119 769
9 611
25 227
520 897
329 985
337 695
862 1
894 907
973 859
685 577
242 197
519 624
368 791
868 17
246 252
276 953
429 763
282 799
278 537
739 622
382 511
25 858
378 258
556 219
15 415
266 102
77 497
972 919
686 95
176 723
774 768
176 665
493 330
326 504
497 494
114 0
756 886
183 398
335 586
542 941
789 498
401 853
283 151
548 924
570 814
727 440
284 207
127 500
441 772
724 276
804 551
400 495
600 790
423 748
40 315
696 261
376 698
86 443
904 524
178 178
940 929
566 296
702 458
886 449
595 586
369 25
80 395
172 643
217 597
39 362
917 900
312 286
521 78
565 119
524 379
236 443
481 895
674 499
377 824
693 667
245 235
472 253
242 679
61 676
95 243
692 967
766 603
191 49
664 780
32 463
117 379
263 537
753 31
366 594
365 575
930 725
828 719
91 491
530 713
689 573
159 927
761 297
946 778
964 324
148 275
985 18
650 498
752 11
841 125
233 264
105 12
28 981
379 440
601 935
86 608
625 160
164 936
390 510
793 464
55 815
237 855
896 755
687 200
296 234
80 117
779 780
642 844
517 525
526 964
343 806
165 686
697 493
554 137
886 117
890 654
944 741
831 514
680 538
298 525
202 752
349 168
936 225
374 989
193 587
821 648
946 53
271 294
62 28
964 335
565 332
707 769
902 675
85 826
884 943
67 419
773 198
701 299
604 491
651 943
714 840
616 582
245 723
550 437
583 42
268 699
147 416
249 251
547 944
664 352
859 986
343 798
790 638
155 315
601 88
812 204
717 639
702 992
512 348
134 35
610 437
444 813
972 941
879 73
160 413
344 184
755 921
638 399
318 797
646 690
926 561
612 476
399 528
60 242
659 144
569 887
737 513
441 312
283 0
2 556
475 857
720 933
703 186
332 941
261 957
221 750
838 250
176 683
445 390
880 204
88 849
828 979
978 549
342 55
54 225
871 990
450 289
191 655
810 337
912 114
381 471
365 907
479 906
411 819
871 938
642 787
41 229
650 607
911 64
62 497
310 192
319 320
894 675
941 517
882 522
935 746
105 713
927 325
274 848
537 762
184 980
607 162
22 614
70 756
818 180
561 935
683 561
242 291
226 514
837 429
650 583
589 758
431 586
689 165
692 824
601 348
273 552
958 687
559 903
278 542
447 300
572 818
143 355
37 585
653 161
19 171
709 515
921 567
513 285
82 736
13 20
897 894
872 684
801 94
7 315
395 511
901 498
91 758
829 128
981 237
167 212
793 271
506 633
586 390
439 76
141 163
183 596
228 651
169 459
314 35
624 733
218 467
30 799
465 70
893 554
897 613
905 849
99 667
205 640
987 634
109 463
22 952
552 88
791 693
248 959
256 431
586 543
495 349
928 462
154 554
226 102
672 971
129 456
748 248
902 388
586 706
737 405
260 453
36 161
566 351
818 480
849 138
77 779
370 87
838 801
66 632
815 548
512 35
673 344
345 360
286 418
333 8
538 630
748 385
515 745
84 958
554 876
674 333
505 702
836 230
823 942
633 669
533 29
182 939
395 762
649 759
517 418
707 713
807 555
683 302
36 320
645 639
643 808
445 621
468 11
575 9
101 357
50 49
840 243
711 899
920 555
604 617
675 419
867 29
329 382
104 510
710 178
489 432
859 466
267 160
610 426
890 143
327 98
9 945
838 447
882 490
200 967
883 249
278 296
422 530
928 841
662 370
755 544
990 391
203 344
802 687
16 3
767 327
208 984
260 824
61 920
575 749
224 339
725 287
600 161
960 895
913 88
423 245
355 452
597 823
727 712
526 829
423 231
451 89
759 801
700 961
285 896
27 672
831 450
680 278
443 617
704 304
286 476
109 875
725 261
692 560
146 424
707 298
615 419
287 749
400 746
393 586
127 568
110 510
220 861
734 108
579 322
869 61
265 299
120 963
485 668
386 236
149 94
786 347
483 485
73 305
548 331
13 145
584 319
920 383
873 581
96 10
300 590
275 245
842 234
273 845
529 524
200 74
100 754
564 336
345 678
676 78
507 763
880 866
471 925
981 303
385 63
990 908
556 121
537 281
948 880
485 700
955 376
558 783
383 346
504 312
854 279
139 454
160 660
781 955
296 375
568 551
778 488
613 666
56 203
974 829
893 210
787 726
228 69
382 300
515 551
701 438
863 361
555 567
190 727
961 580
91 303
315 837
203 26
0 553
114 808
994 472
814 301
117 51
240 664
893 853
729 872
229 270
425 453
799 398
59 309
254 702
188 188
504 939
178 888
537 802
824 270
64 886
136 477
884 578
873 949
776 165
162 927
705 338
589 398
315 965
677 913
279 477
710 73
155 605
633 492
222 34
621 419
857 840
900 931
776 929
681 190
92 118
760 996
63 15
660 606
604 971
589 699
948 593
389 792
317 873
301 82
627 714
607 918
759 387
751 35
728 571
298 636
311 603
958 780
792 193
683 256
737 561
228 300
60 372
31 998
834 339
317 822
851 960
566 219
733 201
824 215
354 891
24 527
878 686
363 711
807 353
574 822
950 558
735 226
884 274
486 411
174 769
110 524
922 950
608 761
888 893
821 48
299 143
591 216
28 63
725 366
975 817
730 271
96 184
571 109
43 549
23 47
591 212
178 226
456 187
119 829
223 205
451 837
845 645
326 595
539 322
939 113
67 727
634 771
928 476
884 794
924 94
21 737
509 866
81 368
530 940
966 652
478 785
891 542
383 823
716 463
139 655
841 132
483 514
613 331
866 826
739 187
0 203
760 649
947 946
644 425
202 143
947 60
48 970
81 788
222 439
834 917
403 459
726 232
300 172
286 861
410 515
174 433
336 696
627 215
421 17
559 195
931 733
360 150
990 761
362 110
521 29
43 384
276 412
467 651
561 584
159 577
73 649
698 750
851 455
816 408
552 499
778 875
231 362
912 88
741 716
179 65
727 172
841 25
736 211
594 304
887 122
130 506
991 528
590 720
844 630
582 1
590 934
326 206
416 909
957 711
445 991
534 913
997 169
225 152
49 611
113 250
586 130
953 812
819 123
688 900
36 465
591 590
723 929
202 106
861 722
721 855
181 159
148 582
16 536
444 300
407 449
627 840
531 189
753 302
985 791
97 803
840 707
657 618
658 260
30 714
557 951
573 421
585 119
880 964
886 25
647 576
534 256
535 903
193 371
856 562
509 677
621 611
520 333
150 307
910 682
937 815
354 661
775 717
505 248
269 181
784 369
941 996
89 871
225 946
853 299
642 704
264 20
340 303
114 646
310 786
966 309
360 853
416 28
541 124
733 966
691 521
936 64
1 128
413 541
978 244
650 892
92 240
964 869
270 304
980 818
688 925
825 705
667 36
237 600
795 34
831 644
941 930
252 115
608 584
143 807
906 935
319 435
237 672
384 35
833 85
727 73
224 485
199 241
497 922
491 149
658 551
656 78
302 422
935 337
184 806
509 738
533 126
627 513
381 304
760 365
132 213
123 842
397 186
978 638
696 394
152 714
953 80
415 813
999 972
361 809
803 818
864 465
322 176
113 535
841 725
108 785
117 352
346 203
463 340
847 828
290 875
130 3
301 948
824 111
85 875
202 101
224 187
232 954
323 647
634 539
14 383
237 678
594 348
567 165
104 684
803 80
377 838
589 25
37 329
484 991
278 12
478 670
995 511
916 633
72 945
985 691
372 77
574 147
871 715
992 642
915 840
402 425
188 62
247 335
55 745
63 661
632 901
117 63
271 167
483 541
294 378
245 994
979 271
634 320
963 927
141 200
206 434
238 258
543 482
126 174
848 171
202 613
777 838
811 358
967 432
343 805
364 904
155 654
97 59
190 327
199 620
883 216
830 793
646 646
672 265
748 563
314 252
549 927
13 490
763 617
10 553
190 568
107 415
951 121
101 799
75 767
84 22
815 637
765 789
38 221
752 710
847 989
861 948
249 395
49 713
677 734
195 823
210 46
160 258
588 150
624 124
222 397
367 994
498 853
93 813
741 453
918 118
916 898
221 516
826 601
574 34
252 696
207 770
26 761
463 27
940 903
375 285
686 280
82 544
918 291
292 6
146 829
445 85
426 888
724 590
466 119
299 159
769 801
587 535
438 638
101 875
119 369
575 75
692 236
170 619
617 940
685 742
789 210
988 101
650 884
172 450
951 391
857 880
43 81
892 469
970 539
916 247
487 337
734 8
464 134
525 856
679 286
358 950
635 357
110 419
643 189
394 936
705 80
994 516
398 74
495 754
924 56
888 251
30 241
134 577
104 783
156 493
15 523
241 749
850 420
246 739
70 880
968 237
966 373
207 840
866 614
78 839
494 445
544 437
530 370
931 385
910 54
522 39
221 827
429 402
40 612
315 338
168 490
674 881
759 857
250 967
739 858
113 102
860 866
251 483
825 331
465 898
579 704
900 347
390 233
125 699
116 780
919 993
796 989
907 561
158 658
403 212
416 429
968 144
360 861
412 266
76 895
462 737
801 684
454 103
74 690
927 524
167 742
252 137
418 19
617 4
960 929
8 168
807 162
35 363
490 255
377 811
238 183
361 403
985 244
544 574
877 300
947 921
769 823
905 277
959 23
256 294
49 363
802 19
219 583
359 406
706 491
243 572
572 301
478 406
81 618
349 501
170 648
179 752
449 390
863 844
875 200
357 163
709 115
641 158
962 270
203 545
352 515
960 967
625 55
453 920
556 17
969 880
562 852
972 23
523 26
738 642
217 261
637 759
40 274
792 861
103 547
739 813
600 189
301 791
257 163
552 329
711 471
215 27
202 131
92 624
813 557
628 489
161 467
38 960
303 752
667 471
894 704
146 525
993 906
728 128
203 597
152 464
128 327
309 252
602 930
294 526
167 189
79 445
577 12
752 475
928 635
142 586
844 722
257 974
483 636
154 958
931 284
420 711
303 327
81 456
762 930
828 316
700 473
213 490
418 404
95 692
963 84
648 715
762 983
339 454
142 684
501 410
25 369
73 340
129 591
866 805
607 222
794 666
276 465
723 76
741 64
90 519
176 471
649 194
784 956
754 897
711 310
432 16
300 635
699 893
408 564
432 7
165 317
152 557
469 591
223 577
716 518
570 766
528 520
156 540
74 334
709 467
948 26
740 2
700 177
595 304
952 910
400 896
273 589
212 764
469 119
4 999
434 801
544 353
113 583
776 908
492 574
724 25
741 764
427 469
471 760
429 150
553 875
908 822
265 1
271 111
947 748
287 20
936 481
985 84
969 862
475 567
320 429
513 912
501 40
769 835
28 697
544 480
172 115
565 122
76 717
248 857
105 145
613 269
160 389
914 300
923 127
847 956
563 649
590 546
654 126
779 598
758 151
867 226
957 67
418 38
308 555
213 92
796 978
633 719
923 815
117 11
576 14
406 835
874 720
992 722
928 67
123 470
973 571
103 772
504 26
439 562
2 224
839 533
624 591
199 362
857 748
700 522
676 760
336 700
520 284
432 154
897 385
283 617
915 754
30 642
91 964
264 216
986 259
537 14
293 859
191 640
622 885
87 405
718 707
296 439
681 424
168 652
860 329
2 201
877 140
160 815
318 808
95 228
752 772
629 446
950 18
855 393
119 710
757 663
177 930
453 30
821 99
61 690
388 868
167 369
418 924
883 828
641 671
581 977
280 994
865 757
226 277
155 367
536 486
360 218
411 745
695 581
253 250
826 851
361 229
267 216
919 422
346 427
967 523
262 260
605 276
775 408
255 49
376 608
889 849
102 529
265 98
891 264
653 354
392 916
617 717
232 424
295 477
829 42
727 364
892 854
886 204
785 78
394 834
502 900
247 349
356 108
914 546
338 55
276 1
128 738
725 645
201 6
487 194
139 994
987 270
828 55
227 399
570 990
902 654
869 289
649 941
561 120
772 926
639 617
655 746
954 719
151 724
106 964
931 125
958 589
934 919
13 579
775 267
332 84
211 735
644 112
669 447
330 998
311 798
907 930
596 918
449 139
679 399
968 615
811 764
734 743
853 43
828 399
834 711
401 386
384 196
141 336
37 439
671 56
908 168
235 506
792 604
462 108
448 704
32 291
24 252
260 429
394 367
684 868
181 918
870 978
410 442
813 813
659 383
60 861
988 910
657 445
611 139
484 954
331 328
64 328
781 547
506 617
53 633
622 687
420 67
533 912
250 69
218 350
508 223
781 21
85 625
509 201
613 487
120 883
855 984
144 618
181 436
938 594
389 924
892 270
693 305
221 832
985 423
528 599
444 888
882 939
14 657
847 711
495 581
214 284
54 329
451 341
844 976
148 601
77 7
602 985
31 80
24 259
306 341
22 800
349 533
798 176
508 988
885 967
198 719
833 59
984 667
777 874
391 291
86 187
710 962
329 733
823 587
445 987
636 759
490 641
167 877
41 26
745 626
999 694
909 103
26 111
710 622
374 888
996 842
781 265
958 472
339 968
229 172
469 177
365 122
882 177
744 154
108 881
927 711
301 94
793 123
103 217
128 807
987 464
555 87
457 67
531 723
68 476
873 409
507 555
167 704
889 313
889 535
490 762
446 781
892 692
917 427
237 31
593 704
284 12
1 73
959 820
321 3
313 309
929 653
987 391
976 633
457 8
738 986
90 176
517 286
637 108
209 277
469 880
17 436
827 389
329 943
473 536
695 553
985 327
180 233
322 188
739 693
61 888
61 285
9 607
969 415
660 818
727 715
482 812
900 426
146 199
979 965
852 823
75 896
112 708
153 507
461 431
603 95
445 813
864 192
817 698
849 893
494 855
401 321
308 682
344 799
501 284
819 783
39 469
478 159
805 307
140 806
741 721
382 733
237 456
802 77
901 463
791 368
350 59
790 24
187 186
149 674
428 533
899 428
486 456
279 671
30 756
913 492
411 435
750 532
413 449
994 648
761 223
360 161
774 871
436 358
828 134
564 637
217 506
243 899
390 230
254 25
826 109
133 102
584 155
57 19
700 915
628 720
646 177
53 640
673 168
656 338
869 9
628 687
774 342
720 373
30 428
120 955
974 532
181 697
935 211
532 389
821 605
700 263
53 246
280 23
346 329
783 505
670 921
176 213
646 91
719 681
216 469
792 881
941 182
865 424
746 335
516 289
501 4
473 13
213 381
314 168
715 108
450 721
981 183
532 25
712 82
142 124
55 838
209 868
746 593
528 847
257 991
253 47
380 135
516 904
965 181
133 783
659 804
215 239
663 544
587 785
908 79
892 666
884 630
860 373
757 975
204 270
388 697
10 357
71 924
290 461
311 899
32 805
796 132
38 578
940 307
98 236
558 147
341 376
258 991
106 896
242 542
853 315
914 48
945 965
171 814
39 774
894 783
124 528
221 367
637 116
404 631
293 625
264 925
401 975
743 136
45 779
748 849
132 675
41 710
375 509
294 984
559 261
355 587
533 642
195 593
444 628
542 806
144 415
503 423
84 127
918 805
950 341
832 678
835 514
556 923
903 855
101 549
166 9
245 258
83 426
74 125
795 414
565 896
981 4
179 800
851 837
929 602
225 93
233 285
239 854
960 494
819 710
587 362
604 578
448 891
545 414
211 609
855 81
39 810
975 334
797 4
140 886
455 266
834 582
314 362
809 31
823 902
158 869
740 374
935 641
216 555
69 670
483 482
934 674
685 13
854 622
358 180
521 234
786 984
230 564
10 791
757 558
587 851
139 7
28 36
481 997
549 440
740 415
52 100
538 359
154 721
990 445
849 892
101 813
250 950
755 522
998 209
207 435
241 433
981 697
997 110
423 618
966 896
766 920
397 314
55 74
994 488
649 632
660 496
977 684
989 560
33 294
957 245
154 311
456 823
666 802
173 176
596 515
661 855
217 713
62 596
965 890
566 321
169 254
931 274
50 167
58 510
254 862
643 813
228 996
409 849
418 918
331 929
816 720
866 474
624 525
330 904
525 409
222 198
673 414
125 182
888 281
472 726
278 135
54 444
98 125
401 523
209 315
54 910
629 460
646 297
776 19
660 537
294 248
828 447
212 5
726 156
551 953
691 242
473 599
481 131
921 171
833 480
411 70
991 551
925 87
375 224
818 935
573 376
598 917
848 684
746 632
930 106
818 344
262 281
97 169
832 133
317 178
125 558
268 524
725 128
999 155
423 969
92 583
565 643
947 33
172 499
863 81
201 444
640 869
442 934
766 135
385 867
229 620
257 54
285 152
337 186
898 439
59 735
882 184
769 681
143 457
977 641
64 19
629 84
551 385
574 910
629 26
639 404
248 160
7 146
420 324
716 315
523 974
137 350
127 501
859 455
969 392
691 441
179 569
341 568
767 931
403 412
922 799
994 959
343 864
503 740
62 31
473 568
182 222
794 560
347 444
180 311
567 737
627 255
494 602
100 744
35 337
362 550
344 547
22 341
941 496
595 950
827 875
230 199
498 547
7 669
414 201
929 7
390 763
960 440
289 96
598 792
627 594
431 189
616 72
785 505
247 547
948 100
990 744
470 407
162 820
387 173
557 204
814 711
656 104
707 895
909 428
614 731
543 328
775 392
13 340
31 869
864 274
507 688
947 94
718 604
269 277
764 276
906 735
358 549
317 46
564 231
553 234
881 536
605 831
866 63
265 124
401 379
909 203
611 970
685 109
28 86
328 358
279 435
728 964
353 437
185 24
855 247
457 495
554 27
41 556
912 927
216 679
485 72
490 70
964 274
195 880
646 690
951 643
544 480
951 765
33 212
771 269
88 338
187 934
468 770
262 973
310 475
995 881
262 480
820 439
271 334
593 540
716 74
559 261
876 963
496 555
915 577
486 955
398 754
771 185
343 947
820 251
73 279
575 929
273 415
284 767
336 686
928 829
93 573
318 502
738 456
828 587
951 405
509 0
661 803
976 324
799 771
288 58
205 305
555 667
57 381
596 44
223 800
558 445
343 625
871 262
726 32
863 847
892 635
339 280
878 358
145 313
812 206
615 701
419 209
278 383
648 535
453 139
576 608
846 946
919 967
154 789
999 316
710 905
190 553
712 622
4 773
119 804
866 470
271 984
935 812
734 258
317 227
449 470
143 641
389 623
321 121
167 315
36 866
661 360
811 300
685 466
484 521
933 908
534 726
709 294
285 702
971 225
47 229
178 196
13 336
26 157
0 539
262 265
282 955
505 793
336 527
739 120
325 352
79 993
572 351
826 256
237 62
399 526
727 342
118 64
850 696
952 208
825 997
833 204
384 178
676 645
866 856
423 920
767 128
482 851
634 892
69 517
96 337
963 815
287 66
217 488
329 537
52 263
553 613
299 692
786 24
104 908
906 0
921 510
250 899
887 29
435 990
119 966
951 714
892 255
41 345
85 313
54 842
858 685
595 393
24 846
844 517
70 816
135 148
867 748
89 244
379 658
437 600
206 508
446 642
640 682
274 253
266 228
789 655
898 179
460 695
282 306
9 562
121 110
935 997
384 735
890 789
219 904
592 966
813 389
509 408
261 151
4 804
178 572
850 218
519 125
709 152
515 886
89 590
41 399
60 362
912 44
28 874
487 906
695 672
189 891
561 222
37 496
183 145
894 696
628 524
336 796
393 353
492 731
682 575
887 4
294 949
515 575
248 539
200 618
704 263
44 629
389 141
421 60
323 578
537 584
315 2
664 144
74 34
573 864
969 531
603 619
882 612
141 56
306 687
580 720
89 396
280 100
1 629
839 90
497 71
786 949
465 815
67 527
159 56
276 762
85 545
521 968
531 774
751 302
590 116
332 25
547 329
209 803
841 973
283 33
501 168
871 829
353 890
246 984
405 792
513 598
112 479
549 71
750 715
900 380
489 884
755 983
97 341
433 195
773 222
638 668
702 364
810 96
437 409
691 31
987 550
733 957
527 915
29 604
982 169
911 848
452 686
781 410
406 417
390 87
118 692
664 341
179 26
261 757
407 574
899 659
77 324
738 720
631 741
964 252
807 646
252 536
812 677
460 137
211 860
3 515
284 680
584 442
746 252
597 167
930 613
996 41
539 243
707 486
815 664
796 402
730 353
718 778
740 838
552 182
549 682
823 456
469 13
185 289
97 769
256 600
154 29
453 194
887 284
58 876
715 217
433 756
518 73
32 732
20 561
545 957
353 478
467 347
240 747
21 667
682 961
674 250
193 514
334 966
205 121
468 31
49 314
176 167
45 19
414 854
760 80
569 567
15 746
241 851
863 282
9 456
84 309
165 738
637 533
520 500
79 287
484 291
725 613
281 480
202 280
847 220
747 73
437 133
749 686
829 21
413 250
624 643
604 820
40 694
325 252
899 992
125 982
929 81
106 446
265 847
231 766
906 374
933 906
425 356
162 707
307 548
705 533
946 172
564 973
407 863
950 497
708 875
725 255
841 275
701 303
569 512
436 648
758 607
665 277
295 985
45 939
704 442
766 312
77 331
567 479
452 178
498 355
794 331
586 314
137 560
273 994
329 166
527 876
250 355
787 704
67 323
261 107
82 833
802 209
983 925
445 856
464 736
647 370
510 909
651 845
217 841
977 716
320 600
940 413
222 120
795 188
735 877
75 829
434 179
701 47
721 560
988 587
490 807
775 860
450 284
335 339
203 302
38 688
341 241
19 234
254 298
481 773
745 983
783 966
424 14
487 617
457 230
425 544
877 772
322 613
774 225
493 349
81 717
37 210
718 443
409 66
108 388
782 39
980 881
217 738
550 908
541 391
534 54
26 389
204 491
499 831
726 243
907 330
131 688
828 880
853 830
680 21
972 546
688 872
780 791
685 83
979 641
392 983
364 804
586 619
3 750
878 570
605 708
254 909
943 455
797 897
324 460
932 620
453 516
557 738
515 355
802 14
925 825
341 251
227 553
928 949
12 641
979 918
706 443
715 550
483 904
756 351
850 87
431 553
752 356
374 92
692 155
198 590
463 384
659 88
92 651
931 724
581 19
400 543
347 225
517 952
505 54
153 735
57 523
392 188
659 890
807 627
892 433
380 809
466 385
803 116
533 782
490 331
647 66
376 594
670 546
568 895
765 287
681 99
535 496
446 295
626 153
539 138
445 898
594 352
215 915
823 949
228 211
900 650
553 979
571 580
636 831
971 273
931 369
252 175
5 374
837 752
999 81
167 545
469 921
786 284
776 600
233 875
621 214
422 157
607 275
8 278
613 245
159 379
979 704
524 530
88 708
433 51
251 900
177 435
603 789
877 486
86 427
833 743
137 787
411 383
836 663
692 982
511 267
682 340
449 224
111 832
962 428
668 710
711 329
275 948
21 933
894 264
653 451
179 939
971 566
393 473
894 577
283 901
744 569
51 191
6 296
117 312
247 211
51 911
60 162
590 155
249 809
163 753
216 785
333 737
623 816
714 190
126 739
445 438
817 481
12 418
146 574
684 496
324 895
87 634
995 189
543 920
156 238
614 328
83 698
169 234
740 464
439 695
47 792
756 823
367 423
720 306
229 94
678 55
757 715
944 325
337 921
497 968
720 109
352 658
229 126
73 297
37 336
544 473
664 394
892 820
44 33
303 881
151 182
548 554
50 328
450 29
304 238
982 722
480 963
263 51
445 491
437 935
914 381
561 450
502 24
419 7
6 778
812 713
830 720
206 804
828 549
662 172
877 713
494 211
972 562
855 717
218 191
986 377
745 832
602 967
826 237
650 368
801 965
369 755
824 601
807 618
527 194
837 630
847 585
96 595
572 690
386 968
256 122
709 99
309 577
12 52
319 194
440 958
993 346
39 983
223 171
851 979
238 370
501 349
872 502
12 336
172 602
37 166
303 841
93 151
868 891
672 468
736 560
910 156
320 495
494 552
688 35
880 175
278 519
352 139
7 951
881 546
970 440
864 642
251 342
583 753
987 291
145 907
586 246
106 619
290 61
400 830
556 758
308 268
749 248
379 681
422 171
508 673
281 188
425 765
418 206
993 16
397 934
707 948
104 819
893 296
433 318
468 338
600 733
425 840
440 920
975 380
774 220
263 561
919 74
806 455
476 129
669 448
505 422
597 544
50 139
403 338
262 798
800 357
735 433
627 415
209 839
651 138
641 565
105 553
896 429
169 187
79 208
181 139
719 174
604 203
108 578
318 49
87 658
778 763
810 666
706 513
333 569
851 699
441 572
499 428
405 418
949 476
764 533
232 880
534 135
500 983
493 31
184 626
794 855
142 347
253 113
485 782
432 678
919 441
694 183
686 419
808 75
505 906
362 253
48 292
245 140
551 497
998 952
455 475
748 91
175 311
565 938
325 509
134 683
930 859
633 749
165 553
478 788
781 573
536 649
723 376
687 943
233 505
43 690
724 884
78 678
671 634
360 634
833 479
880 208
544 946
273 894
946 651
543 801
954 222
761 63
884 706
709 796
124 537
171 526
154 616
569 893
1 692
202 379
499 17
235 374
708 794
600 255
845 247
22 850
78 784
216 746
827 541
460 959
535 107
38 373
791 318
766 944
825 758
770 192
813 39
15 205
737 976
672 638
748 201
967 216
123 151
237 100
393 438
275 896
70 407
401 702
4 118
878 338
620 94
225 908
86 807
281 445
20 252
673 905
907 352
633 369
101 225
97 81
775 667
680 99
656 566
714 20
213 813
679 197
952 117
488 115
579 560
595 465
940 461
569 392
214 495
468 566
592 123
549 884
501 451
240 693
444 361
865 389
974 999
327 161
907 728
272 188
39 682
650 265
854 496
472 214
110 897
713 116
5 749
962 720
529 373
155 902
440 13
538 298
677 339
829 643
566 582
748 897
385 95
689 836
704 226
193 153
250 843
895 991
731 956
780 931
78 759
720 956
110 448
21 660
264 36
559 953
795 211
965 441
786 141
598 433
522 524
939 422
180 413
712 188
522 203
819 389
413 568
884 10
520 468
377 805
259 360
524 262
319 77
207 587
493 491
582 721
126 588
275 407
255 743
329 259
462 710
879 322
498 597
285 766
519 684
89 195
954 526
533 86
84 486
556 495
542 863
157 913
753 804
775 863
400 139
846 30
865 912
345 321
822 558
862 389
962 833
209 202
793 137
589 529
645 367
328 285
457 994
124 567
111 499
586 800
406 36
683 221
922 422
571 286
774 50
661 650
84 452
899 351
486 221
853 721
829 739
437 471
203 58
243 260
899 874
881 579
675 624
984 930
574 518
535 120
793 71
521 924
119 994
996 219
630 387
58 686
639 458
403 377
658 708
861 666
482 314
784 841
740 842
974 651
721 382
210 797
841 695
431 946
366 273
72 945
3 143
318 51
69 322
494 233
775 290
392 226
581 779
158 799
292 486
302 823
197 829
836 772
577 730
934 664
850 837
453 907
992 220
682 58
326 211
306 236
940 999
964 959
433 485
308 122
176 312
765 172
313 73
424 693
959 424
287 315
618 623
921 116
371 717
419 115
290 193
74 123
527 400
733 846
845 182
169 970
795 258
558 700
666 965
92 653
685 152
985 973
774 969
50 559
89 624
361 333
662 599
99 569
286 466
412 21
559 319
510 416
189 954
523 999
349 586
760 731
402 597
246 261
775 179
354 673
2 723
595 932
234 37
221 912
23 482
97 277
810 716
791 283
258 826
849 573
298 419
500 778
262 508
790 953
64 467
49 966
176 879
749 173
906 731
43 867
682 255
509 474
699 754
108 521
152 317
925 192
67 758
153 207
31 496
523 699
538 487
712 451
265 786
587 93
770 540
443 103
560 694
818 608
74 58
846 549
133 933
111 355
35 487
317 873
984 544
194 11
207 998
265 382
113 649
269 198
856 696
350 553
443 561
93 90
225 974
965 131
931 30
560 529
842 600
708 62
404 853
714 850
989 537
549 239
365 410
818 667
623 973
812 264
761 783
916 936
406 237
99 973
340 401
616 550
45 706
160 261
466 208
802 147
996 827
621 261
331 247
45 953
832 242
432 389
670 809
543 157
726 519
908 283
714 571
320 709
124 149
871 45
528 339
231 163
143 341
777 100
748 458
628 598
459 414
471 432
671 110
473 405
670 443
596 766
765 706
590 36
374 449
428 280
102 310
196 192
202 256
969 631
430 379
805 382
387 97
423 283
324 626
879 256
292 321
396 94
888 641
76 875
704 198
307 919
974 764
472 764
691 585
491 391
227 797
472 756
645 0
462 785
398 668
964 512
685 754
621 497
146 649
578 514
494 972
462 413
889 623
777 710
520 381
892 99
935 675
858 134
23 456
298 364
736 898
70 338
45 176
768 492
186 688
458 43
379 57
743 576
116 170
991 54
223 66
128 864
368 1
910 619
805 559
533 10
571 590
439 67
723 997
377 894
461 750
359 817
759 454
541 516
105 752
277 322
87 410
160 359
718 500
749 810
382 43
776 383
805 245
51 569
560 4
995 564
689 390
204 695
464 287
967 705
384 81
236 163
876 91
451 100
635 318
688 422
288 133
224 537
886 662
427 380
47 620
127 823
125 772
686 205
939 702
971 125
986 278
916 977
5 554
737 7
534 947
573 859
862 804
333 228
800 685
352 293
158 521
226 266
962 249
854 766
72 333
49 411
593 875
272 377
632 474
919 699
425 504
648 569
78 597
353 75
548 573
699 698
785 758
51 731
369 514
676 221
637 486
92 203
176 158
317 686
63 544
84 986
567 33
50 92
543 830
909 387
149 186
107 940
187 371
423 947
588 426
810 2
962 340
663 191
344 420
866 614
216 156
322 806
687 946
377 633
579 248
330 190
605 263
835 850
660 339
991 544
717 396
480 371
132 806
272 48
514 223
962 618
737 571
63 958
320 322
334 420
954 430
112 545
192 388
801 575
335 328
918 376
967 761
81 151
9 196
10 731
249 550
250 861
658 724
227 163
178 373
598 211
796 748
16 921
340 542
39 855
343 615
986 890
20 317
400 708
525 370
427 494
837 692
235 382
25 647
338 69
300 199
626 353
719 152
697 901
632 177
553 244
800 455
828 463
683 674
435 973
587 503
286 79
992 296
759 836
882 683
561 15
721 876
667 624
268 206
453 227
452 885
565 8
864 256
679 264
983 656
593 545
166 860
731 371
12 891
655 837
346 858
743 143
988 767
751 979
535 663
451 87
383 52
81 948
58 70
740 291
886 739
677 938
180 532
617 452
725 843
230 958
509 138
904 681
821 308
743 840
524 374
8 143
183 135
965 938
704 257
33 921
761 86
990 36
908 374
653 280
70 914
100 939
104 987
625 209
347 303
239 446
140 592
825 391
37 809
546 617
79 27
163 568
19 977
218 889
676 251
642 687
735 11
178 988
133 716
796 652
377 118
244 662
861 822
213 577
954 173
921 390
170 339
171 978
80 591
182 68
578 169
328 491
725 397
917 511
942 854
996 901
436 670
637 967
397 929
941 894
755 405
670 240
766 305
855 991
496 37
55 970
569 663
188 701
434 118
375 934
142 917
917 773
937 113
490 437
713 994
606 449
589 26
207 228
544 627
20 475
752 183
897 347
522 209
215 66
603 735
249 112
522 228
923 761
447 466
285 399
155 85
251 406
421 320
945 158
660 657
337 495
515 694
183 241
4 411
987 912
946 559
448 881
998 330
689 418
772 822
712 855
858 834
457 410
707 790
993 5
421 185
111 363
92 74
588 2
216 867
528 967
581 781
682 864
173 532
638 678
752 990
951 462
258 911
323 770
627 786
156 848
97 98
343 482
609 931
239 44
891 540
651 934
354 440
534 34
680 567
848 490
391 408
705 854
128 829
18 380
199 968
915 911
910 766
701 553
278 409
286 262
512 621
251 160
941 434
188 667
77 929
967 541
3 927
834 865
14 128
451 156
929 5
264 151
987 463
110 118
875 236
237 995
106 646
52 849
675 380
922 733
587 152
15 934
688 184
17 589
567 315
245 821
17 471
509 773
840 186
322 800
834 684
806 336
535 115
119 31
198 219
55 1
329 952
312 53
243 117
563 557
83 863
382 447
721 950
813 962
87 29
759 268
48 665
483 709
179 446
560 46
10 112
55 527
585 230
291 55
694 565
531 917
370 88
540 487
119 894
337 859
808 877
988 534
362 48
640 832
449 618
739 613
133 96
50 672
806 523
383 641
131 750
13 17
748 116
911 882
36 671
261 631
931 689
158 831
750 291
738 67
98 204
677 135
208 421
211 661
656 697
437 439
862 933
835 758
790 17
594 149
143 560
822 985
765 912
924 981
413 183
844 751
454 540
275 655
172 930
675 779
229 309
990 858
174 175
329 508
428 496
918 530
593 167
696 333
793 766
317 816
431 303
431 682
399 888
845 488
850 345
679 988
66 284
578 717
187 946
668 98
57 358
183 240
999 558
90 149
430 131
655 102
603 946
216 958
775 219
920 755
919 401
622 94
264 965
731 758
1 60
556 796
402 669
220 560
38 79
77 252
682 612
862 597
360 403
597 811
309 63
128 413
86 958
579 176
768 347
790 339
340 663
157 718
703 609
294 385
684 713
441 381
422 807
478 475
820 240
197 975
412 245
738 670
779 811
63 65
410 226
78 478
53 409
54 620
478 394
398 656
942 152
338 884
559 987
766 843
401 264
704 623
132 935
454 635
999 203
496 470
779 411
725 442
313 246
555 606
813 375
227 98
952 531
441 828
999 341
21 442
683 544
83 911
254 5
12 830
27 560
743 230
94 291
834 139
231 442
502 512
254 755
676 47
984 636
749 757
589 99
131 218
166 799
639 891
883 547
445 506
484 960
148 159
8 958
903 484
521 345
565 313
287 582
806 204
192 706
21 266
780 750
928 36
302 522
947 623
111 891
155 85
203 167
239 277
176 843
550 864
659 222
300 889
695 751
320 693
627 924
869 198
18 49
419 74
528 529
732 31
623 61
14 335
426 504
952 482
825 985
545 761
600 468
62 672
856 896
972 927
632 821
913 675
130 145
463 131
872 163
494 585
403 47
742 81
177 47
975 796
565 932
356 360
792 151
276 153
620 719
413 941
955 375
845 968
816 218
53 64
76 965
13 298
587 877
924 619
997 872
557 349
764 609
851 574
623 662
931 523
572 469
982 398
266 141
301 688
581 473
761 9
877 818
855 779
942 684
146 227
791 875
908 961
414 931
378 424
546 106
582 855
186 777
965 384
817 923
724 443
495 810
157 196
964 38
56 365
198 926
980 251
337 862
997 556
434 683
696 643
341 912
97 18
513 427
725 665
119 465
350 59
964 115
43 414
78 708
187 781
805 446
828 39
375 735
401 726
340 644
940 812
252 604
813 816
968 659
981 217
455 546
739 713
668 465
902 744
951 832
355 902
234 767
420 953
843 624
473 423
503 478
393 572
2 366
958 595
534 610
101 243
183 319
30 2
440 302
560 776
804 13
783 401
287 656
807 280
803 884
465 265
492 509
586 36
119 43
292 480
990 909
828 775
465 958
466 853
100 519
921 124
818 234
549 537
67 477
633 743
944 586
533 900
534 103
656 802
212 3
81 644
706 221
604 148
955 209
370 810
521 184
762 827
525 132
898 446
771 366
719 928
475 16
9 573
260 817
85 162
350 77
400 462
948 215
250 887
468 334
2 714
165 25
374 440
639 981
691 266
649 249
621 900
39 601
748 959
392 277
173 644
959 55
203 870
835 475
414 687
884 235
970 360
861 113
131 682
492 339
943 202
175 437
589 452
734 810
305 665
506 252
418 31
982 215
526 928
236 828
333 17
749 551
470 886
94 134
714 903
652 691
962 159
716 701
397 825
180 303
650 91
112 858
29 806
577 896
303 277
414 938
588 494
865 306
734 59
416 378
342 33
957 287
638 248
29 806
191 212
781 438
473 395
763 399
720 582
974 496
389 373
460 619
496 964
58 754
319 121
191 561
206 546
825 909
59 495
534 640
752 796
537 277
729 490
308 136
122 147
929 865
103 140
173 289
682 870
451 991
516 208
651 986
1 696
834 549
533 393
141 789
970 967
66 204
527 736
424 837
972 209
308 764
166 22
238 222
156 510
399 632
756 517
894 157
142 233
622 272
653 401
759 60
253 147
450 276
32 311
998 516
910 740
725 382
913 675
344 93
818 404
714 766
530 859
401 862
908 358
510 517
327 290
749 989
966 789
137 956
347 664
832 906
267 258
873 954
974 194
419 337
945 819
169 666
476 652
733 977
463 100
824 351
57 382
979 185
347 946
541 767
765 862
159 221
665 39
986 994
526 987
759 969
426 17
295 445
866 11
288 167
863 50
875 867
894 262
354 223
817 274
818 129
991 497
173 592
605 755
16 326
234 846
249 330
480 875
451 261
250 968
944 231
751 453
961 716
999 491
499 175
426 633
229 147
314 137
273 349
591 414
407 344
788 634
475 882
899 634
502 47
58 87
806 733
36 622
553 943
552 150
446 277
237 956
806 773
571 417
749 939
125 108
433 464
230 612
26 712
609 734
610 966
877 741
642 932
363 266
884 895
621 898
840 356
77 673
58 141
645 621
978 643
295 629
400 928
343 530
409 484
621 707
129 751
381 291
211 39
479 126
397 988
73 897
142 384
966 981
746 388
123 494
308 102
343 941
427 227
831 180
824 626
153 154
803 278
107 666
572 713
770 249
240 42
705 680
841 634
0 384
472 478
147 225
590 387
30 178
964 948
584 733
279 192
631 29
414 15
924 865
273 956
233 435
246 156
654 789
477 36
745 923
526 605
783 668
14 291
403 149
694 635
148 160
79 334
829 961
747 304
53 243
381 369
325 945
142 365
46 623
651 648
188 160
911 195
685 540
452 583
47 187
706 168
563 140
156 661
137 601
328 343
555 359
197 753
377 706
829 820
398 9
35 661
965 757
302 548
212 401
526 608
567 791
728 603
560 759
995 327
767 806
337 603
792 951
644 98
108 991
16 738
611 304
432 247
903 71
81 142
542 756
925 926
853 803
978 879
203 23
381 386
593 121
564 692
321 778
863 537
205 911
398 708
436 911
744 461
958 525
845 938
695 826
508 925
579 397
470 740
339 821
553 178
932 935
733 27
181 461
623 461
581 718
696 759
330 42
986 266
12 679
728 393
741 603
838 268
702 316
670 528
928 344
970 533
301 72
342 520
674 439
983 117
31 619
715 233
567 985
888 268
787 647
447 406
798 796
347 217
477 751
502 461
217 181
481 24
16 640
30 888
150 289
115 758
219 419
129 846
588 64
531 864
343 201
10 40
839 280
143 10
789 202
551 961
686 713
692 128
744 737
191 802
556 11
78 915
249 305
275 325
600 392
835 471
611 522
495 623
423 408
157 269
692 242
331 664
642 197
322 653
99 707
304 706
269 908
134 742
544 546
847 286
858 737
472 720
477 650
937 983
481 399
985 579
305 884
773 105
347 408
45 559
788 981
514 820
681 673
612 639
330 754
265 109
774 362
850 358
262 252
38 548
773 885
62 742
717 293
533 622
26 809
956 262
825 858
515 14
647 883
418 509
328 146
322 565
455 163
656 494
683 739
133 925
513 755
891 500
356 546
786 521
470 278
989 264
820 810
39 71
693 251
599 289
508 465
203 206
513 892
536 423
448 582
444 877
504 365
953 462
514 49
96 749
184 743
810 262
249 246
139 57
772 671
898 361
419 106
731 232
414 932
134 585
762 558
358 570
58 433
346 678
9 620
447 769
795 635
11 164
597 572
166 505
187 640
545 625
853 868
858 841
725 111
511 487
671 285
671 219
62 344
458 264
102 942
913 397
928 868
155 104
196 287
221 48
258 558
357 424
295 736
301 86
470 70
312 446
808 457
143 558
937 57
859 727
351 946
288 479
521 295
753 189
569 222
408 356
157 504
142 390
699 250
558 216
245 470
793 396
629 891
496 77
298 562
600 27
363 107
414 596
899 454
60 921
379 508
738 543
619 852
446 938
212 491
140 281
607 970
519 658
769 608
978 188
987 670
576 166
319 117
76 192
149 492
861 404
721 55
651 357
387 808
923 584
483 747
297 394
621 120
61 661
284 936
836 979
717 875
40 271
826 121
128 639
42 216
184 569
690 150
490 111
798 249
239 561
538 994
210 970
733 284
713 51
51 958
22 80
10 878
761 573
351 451
432 624
765 681
295 254
972 23
611 824
421 609
285 539
459 743
287 786
83 29
530 165
842 611
981 674
316 235
792 700
781 456
973 324
207 651
894 208
787 329
839 986
221 557
894 800
980 592
233 858
776 356
420 178
525 204
276 655
307 496
700 990
669 41
520 586
973 864
310 205
191 127
384 578
47 170
647 410
770 451
532 160
886 579
564 151
123 341
436 453
298 821
637 311
330 327
766 32
831 483
798 543
527 373
879 213
683 957
665 746
130 726
488 715
220 646
686 716
403 88
834 923
616 118
292 638
549 900
206 120
154 600
412 192
765 47
32 624
303 514
159 74
812 578
563 492
742 669
743 299
774 375
158 441
427 251
821 810
316 388
688 939
571 142
322 524
409 351
896 751
162 49
462 251
135 376
790 587
802 891
550 31
435 370
39 760
688 804
573 692
463 918
229 763
807 184
236 728
451 120
101 304
366 633
20 570
669 795
100 618
952 883
999 458
563 725
958 730
135 861
56 344
881 697
790 129
776 645
482 249
616 86
324 173
989 235
520 312
753 380
989 532
176 851
367 719
542 663
118 198
855 754
40 604
870 794
376 577
269 775
512 814
646 88
956 455
721 693
655 995
808 209
114 250
466 806
761 198
985 92
997 77
244 201
879 900
532 320
303 35
831 411
23 991
964 586
637 535
740 282
933 168
712 635
989 529
495 660
846 172
515 937
336 427
931 58
58 252
34 175
7 920
322 792
244 304
700 757
761 540
196 841
805 345
740 3
923 976
303 339
485 796
189 797
771 396
763 563
441 624
424 507
718 724
161 271
438 806
346 184
12 215
578 31
193 702
767 666
8 36
58 495
384 931
537 785
78 42
745 69
345 659
507 53
299 39
551 283
936 743
91 246
520 303
459 458
963 809
72 466
655 551
174 290
771 658
597 963
1 171
663 729
896 201
245 795
200 137
246 165
165 556
755 588
848 275
883 170
33 132
843 234
473 701
782 835
74 383
149 264
831 524
991 108
913 490
227 347
928 88
727 642
783 169
518 879
188 202
110 217
132 372
94 782
901 311
401 397
75 305
239 920
488 689
896 37
969 493
164 9
927 676
359 80
976 931
937 585
104 762
248 93
740 726
751 472
566 843
755 214
39 714
537 965
757 312
815 548
852 565
632 238
942 434
305 211
789 775
375 388
158 918
71 125
518 159
821 581
291 461
319 895
534 232
148 714
728 82
368 182
820 332
748 280
503 557
826 39
387 953
697 212
896 570
74 923
935 806
661 364
739 63
666 204
662 470
572 832
9 545
488 54
776 875
915 832
717 580
652 784
252 512
24 537
513 829
426 120
894 213
818 848
181 395
772 143
255 188
141 22
290 715
307 293
922 362
50 981
876 30
576 133
65 866
92 42
155 636
284 707
691 671
22 870
409 494
316 964
73 425
904 127
247 722
54 586
926 859
371 915
984 675
426 560
711 950
927 40
797 706
408 509
487 658
557 861
784 376
319 971
729 274
456 751
63 447
485 269
954 808
931 724
219 63
996 699
294 824
171 498
561 789
67 2
50 391
700 327
149 418
477 624
612 696
205 809
137 739
903 47
807 960
902 150
564 602
312 201
251 196
567 69
940 53
3 463
100 796
599 990
430 267
102 619
436 838
934 486
584 583
109 575
8 395
123 293
470 804
685 203
612 270
434 692
289 933
68 161
57 912
344 1
714 380
305 181
308 716
897 405
757 17
78 534
134 647
51 996
525 376
235 253
843 300
65 487
192 372
483 429
117 5
419 130
788 354
508 205
805 291
150 483
921 325
376 258
256 72
664 173
981 211
87 81
735 314
645 570
835 298
873 513
210 408
316 168
590 396
874 58
155 208
795 232
290 415
258 771
754 810
372 214
632 763
982 15
443 359
936 999
397 381
857 212
713 761
660 853
138 74
22 425
180 644
402 686
778 855
644 561
281 666
241 524
574 568
412 477
833 2
845 304
273 378
507 718
156 748
521 340
297 182
754 717
494 880
809 353
512 320
134 472
717 915
432 710
43 613
793 395
564 115
214 586
846 16
360 89
746 427
338 174
913 210
402 470
662 823
578 338
192 788
285 179
11 335
972 245
403 115
234 981
151 998
12 265
433 952
115 715
199 825
908 894
948 248
137 63
216 221
140 339
376 707
473 187
968 81
608 290
766 136
935 786
345 467
70 28
996 116
538 609
249 337
8 637
173 12
27 25
525 151
800 799
208 44
580 332
526 770
221 642
922 797
502 342
764 466
744 999
443 129
209 460
302 184
980 757
434 588
705 615
414 400
107 346
667 850
913 391
624 599
727 997
131 304
54 959
442 996
887 795
832 260
857 134
677 440
35 820
843 993
291 323
694 468
935 992
325 380
531 876
994 446
832 638
332 726
792 707
297 595
221 822
365 508
595 769
146 841
221 132
436 218
879 537
321 525
544 695
989 430
798 52
384 414
233 806
669 408
903 581
452 303
281 146
156 725
325 357
39 735
367 931
229 20
202 621
307 141
631 504
385 736
268 107
990 237
868 447
950 797
542 635
67 147
971 700
485 907
880 76
975 546
194 632
138 837
681 34
570 706
553 37
100 678
428 655
878 591
756 162
703 95
889 729
692 132
479 862
928 144
63 912
299 519
393 388
599 437
973 578
241 472
947 8
779 930
469 548
681 493
427 549
356 117
463 367
477 607
258 892
525 268
451 259
72 294
502 393
326 876
807 879
409 308
942 468
492 345
499 932
403 337
277 26
692 951
941 648
360 301
849 65
838 722
247 633
379 893
781 329
142 927
712 791
199 536
93 787
474 5
430 693
155 811
276 796
834 722
911 412
144 766
753 548
333 934
699 368
453 261
962 35
546 648
27 269
829 696
116 522
848 446
10 782
716 382
838 540
294 615
319 121
626 157
289 201
462 286
323 503
982 14
570 220
270 92
498 387
72 396
9 673
536 325
802 680
919 823
486 556
661 697
160 412
589 916
480 151
694 391
769 374
831 624
560 830
294 177
505 4
886 32
328 524
85 114
440 243
532 337
70 829
318 364
989 177
701 234
303 122
483 808
171 689
814 952
443 333
509 124
626 497
197 12
665 301
278 184
61 290
115 462
99 353
734 15
110 474
442 279
438 939
964 977
835 991
531 527
833 160
271 128
320 901
700 996
716 55
112 279
88 370
797 749
412 781
839 925
782 968
582 82
984 721
109 653
751 976
61 397
763 61
334 719
671 702
233 806
750 841
459 597
448 566
292 601
672 47
964 795
294 692
181 950
436 928
595 716
963 917
973 834
574 104
327 948
934 235
969 654
617 788
267 923
505 764
750 174
745 796
415 708
486 678
8 846
451 79
731 14
31 935
871 657
843 220
777 869
653 206
817 670
568 120
402 800
183 250
183 333
86 680
264 726
429 302
894 887
896 625
446 825
945 826
545 292
253 951
386 416
130 295
373 356
999 888
890 833
174 161
705 108
370 762
660 497
307 162
272 579
270 16
374 130
702 233
608 843
439 266
406 594
951 122
658 135
884 508
230 358
401 187
252 62
699 803
296 508
358 673
117 196
951 475
390 595
111 642
250 742
836 568
172 174
393 587
821 295
335 836
373 940
605 276
401 728
201 942
493 83
328 813
136 160
931 7
707 638
27 705
50 676
935 797
562 794
142 356
99 487
32 543
310 99
592 384
420 465
19 428
394 957
727 22
984 431
53 382
492 51
147 976
605 415
664 108
581 755
86 355
458 957
251 295
948 556
95 695
735 678
248 950
45 418
763 55
154 259
744 110
94 875
521 911
90 648
129 235
207 189
117 21
947 794
714 461
800 769
755 266
21 237
410 814
176 724
427 890
966 288
241 236
551 464
52 563
598 161
411 583
735 827
623 284
11 915
555 371
370 453
890 281
92 948
342 883
217 642
873 185
128 144
567 59
74 354
365 375
320 614
143 151
709 502
418 61
693 867
537 632
576 944
373 810
602 32
3 7
18 224
581 825
434 44
334 657
780 437
532 66
750 573
790 261
980 264
628 918
649 830
29 324
786 360
957 780
834 306
881 40
682 459
47 741
124 227
574 774
260 895
236 678
373 340
355 795
510 112
524 653
135 501
681 607
294 442
428 829
733 49
954 757
338 934
704 114
949 816
918 137
946 327
289 570
556 614
533 690
427 352
791 557
620 592
19 413
469 302
762 249
868 986
158 217
692 134
127 720
835 367
650 842
669 77
342 929
114 545
439 832
440 52
494 833
161 613
946 172
932 946
529 631
702 195
986 365
579 414
159 499
997 381
381 946
435 700
357 428
553 5
91 751
336 634
344 502
664 143
475 276
526 243
824 763
650 246
576 221
391 364
222 754
555 352
169 532
591 910
80 308
550 872
724 515
973 636
537 654
896 187
117 580
3 437
447 633
579 920
574 223
189 441
781 271
942 528
961 940
229 32
26 64
337 781
927 40
211 906
59 809
773 506
695 996
544 465
519 218
766 877
142 964
79 294
447 218
123 13
667 125
320 945
331 260
237 118
821 194
733 260
684 566
569 149
138 805
481 517
859 501
448 39
105 387
637 254
577 807
330 599
479 497
821 48
273 749
518 584
10 144
888 355
1 174
874 715
618 229
724 189
367 300
90 491
464 512
493 261
614 373
838 60
307 270
816 946
512 127
271 757
876 911
312 913
601 435
840 694
944 96
63 255
527 456
487 513
448 141
516 393
578 210
967 236
958 517
816 661
226 797
229 216
708 570
122 640
304 708
76 522
107 225
996 549
129 809
8 165
366 576
105 622
272 504
144 461
149 969
872 371
425 51
881 888
848 199
678 500
914 232
370 600
492 541
306 515
449 790
332 949
796 251
182 250
219 621
117 515
600 122
494 92
663 653
778 386
890 290
797 425
188 138
154 518
70 497
378 599
864 463
926 467
130 841
659 20
302 694
142 166
427 727
894 160
382 477
356 389
462 600
826 704
160 204
694 217
578 158
358 293
480 106
648 703
757 811
589 43
207 759
499 183
66 229
224 809
856 93
348 48
797 712
169 186
144 422
41 860
27 425
774 625
397 678
636 555
890 958
468 98
502 273
921 894
497 270
109 497
618 627
835 784
191 231
692 811
418 355
454 216
952 504
578 527
258 460
54 104
378 965
573 477
670 448
732 330
885 431
405 503
127 452
100 575
871 942
728 746
405 240
505 959
970 845
919 742
911 914
557 225
155 975
256 140
655 691
142 33
245 327
579 259
829 938
610 951
882 695
925 985
876 495
860 279
863 920
299 663
296 19
686 626
216 569
918 190
53 643
948 940
978 404
60 54
851 410
418 44
940 477
542 57
503 269
181 927
960 599
683 278
964 84
907 491
308 643
836 514
690 113
167 186
921 610
351 946
347 141
136 970
866 80
472 111
408 447
252 881
91 818
854 853
714 133
782 987
394 438
935 222
363 91
240 855
0 193
861 107
27 79
910 30
520 75
394 364
555 335
633 951
608 408
187 607
119 847
49 151
319 477
918 457
268 880
360 217
482 97
45 705
257 253
828 288
578 365
106 602
110 589
923 385
627 401
116 949
636 97
732 401
192 79
53 113
587 848
135 390
358 379
773 820
380 537
115 318
833 935
168 859
832 804
428 288
34 474
49 575
920 272
562 699
860 223
668 327
870 168
87 348
963 953
63 521
232 857
186 595
291 56
643 890
299 770
619 797
296 204
746 126
60 13
442 708
606 176
152 187
38 919
908 836
417 314
766 196
56 240
656 867
191 293
218 240
247 867
48 508
807 532
533 961
851 888
597 370
701 924
455 588
120 421
844 164
20 434
211 604
350 404
495 878
972 272
677 1
182 216
487 375
527 731
885 404
470 53
607 649
215 323
926 520
812 821
26 938
998 145
788 652
166 835
