100
68 97
66 32
80 15
67 59
40 63
54 30
28 25
37 42
77 6
41 90
51 10
77 20
20 77
11 29
60 8
53 26
84 38
97 37
63 62
3 37
89 42
64 80
19 86
58 39
88 15
24 96
71 7
41 66
73 15
65 85
14 97
14 96
30 31
16 93
46 85
18 26
53 40
54 79
62 83
96 39
27 9
41 78
78 89
82 86
26 40
49 56
67 61
10 17
25 54
66 80
21 79
89 9
36 96
48 2
53 56
76 60
30 25
12 0
62 52
93 3
3 80
85 12
67 98
99 81
64 59
27 86
16 29
26 41
11 38
66 16
0 1
64 18
2 90
58 85
77 16
39 57
73 49
96 61
59 51
62 7
10 30
15 79
33 10
41 1
49 59
52 0
6 33
3 70
92 1
23 77
8 64
83 33
89 70
42 30
24 56
42 88
69 37
59 42
52 93
7 88
37 32
84 90
19 19
17 63
17 18
68 41
39 37
51 50
3 22
49 89
31 28
52 19
80 42
84 26
55 29
82 36
77 18
30 61
21 93
59 64
36 51
71 59
45 64
8 64
5 61
79 36
27 0
7 14
60 9
84 29
35 60
65 46
57 46
31 76
71 38
18 5
88 26
50 40
65 86
54 15
55 37
83 88
40 77
47 57
82 97
18 39
20 92
7 0
22 27
23 87
72 56
83 84
12 77
86 24
57 47
36 52
25 85
73 21
23 72
68 20
22 57
14 95
43 92
72 3
61 54
1 25
96 5
15 48
27 90
17 13
20 73
65 74
63 69
38 46
20 18
31 37
35 44
64 1
23 61
25 43
70 14
61 93
71 28
92 56
42 56
65 52
92 7
12 35
53 18
97 63
37 55
2 98
47 61
62 9
13 56
33 34
78 70
26 23
49 79
88 11
39 41
59 80
47 21
15 80
63 22
60 85
72 45
94 71
11 9
69 82
31 10
40 29
96 36
54 14
59 39
82 26
82 77
2 15
86 40
61 25
35 49
29 21
11 37
14 38
73 82
82 76
5 6
95 13
10 65
65 50
99 40
99 65
24 62
20 32
93 39
8 66
5 13
60 34
64 51
49 43
65 32
1 52
57 95
10 42
26 93
50 48
85 17
27 22
8 56
88 82
25 2
45 73
3 12
45 92
74 96
18 54
41 47
87 83
2 64
95 76
86 85
29 89
69 24
90 34
26 54
39 66
40 79
3 91
59 78
72 80
8 63
18 76
58 1
15 39
87 63
52 94
52 84
87 74
32 79
49 55
25 21
4 28
76 42
47 92
58 74
27 42
85 29
91 26
84 60
98 39
20 92
54 80
59 66
57 59
73 96
15 6
47 39
0 74
5 58
74 7
98 98
96 41
79 27
37 71
17 1
67 52
24 9
4 6
77 0
80 74
17 52
41 57
17 72
81 85
61 76
42 16
98 92
98 40
94 34
46 68
68 54
6 47
15 51
30 3
13 31
65 97
8 7
42 2
64 74
42 12
68 83
23 77
93 37
37 23
87 48
85 0
97 87
33 15
3 13
27 28
9 5
61 26
61 29
48 96
6 74
91 31
3 52
95 50
46 53
69 14
29 15
34 5
51 57
14 17
4 52
99 63
91 80
46 46
11 21
89 65
34 14
19 68
12 4
15 70
52 43
67 39
58 51
67 88
55 45
65 14
38 30
47 41
25 38
87 73
45 66
1 5
87 48
27 11
9 33
71 5
41 25
48 4
99 26
8 75
79 6
88 83
88 39
47 27
43 66
22 17
23 80
71 55
22 23
39 85
76 29
52 61
26 56
25 4
27 50
71 57
14 28
89 9
1 52
51 90
59 17
93 34
60 4
81 3
69 34
80 31
41 91
86 33
60 41
84 74
54 68
23 10
41 67
87 8
15 92
52 85
12 44
18 81
49 92
46 86
78 76
74 34
91 0
81 24
27 82
4 38
28 4
68 41
33 65
5 25
52 42
49 23
94 47
85 92
98 47
17 23
45 11
36 77
31 14
27 92
28 90
17 18
36 71
67 77
13 8
34 10
46 87
26 65
56 93
66 94
20 3
47 66
54 2
6 67
84 36
45 98
70 68
70 12
74 66
37 15
71 33
45 38
70 41
21 8
22 82
80 7
22 81
27 32
0 48
50 28
79 54
78 12
29 47
82 66
68 31
79 61
6 84
7 12
32 53
26 1
50 77
33 48
18 92
59 90
79 24
82 14
47 92
8 51
84 10
36 53
9 74
61 26
96 1
66 29
15 89
43 92
25 30
81 69
82 21
83 63
96 19
36 11
75 19
36 21
14 15
86 13
62 55
20 12
45 0
90 21
3 64
54 9
80 43
33 14
83 14
72 73
15 88
23 46
77 91
43 19
2 77
64 10
8 69
57 7
16 66
11 72
67 49
64 10
64 79
4 69
73 68
59 64
17 53
19 46
76 5
48 57
14 83
66 26
56 22
20 70
78 86
47 17
88 9
43 69
0 1
23 61
73 14
46 68
54 54
30 96
4 83
4 59
93 59
94 61
49 58
41 5
83 36
23 56
4 84
26 33
5 79
69 54
24 10
86 9
79 30
72 69
75 40
94 19
23 49
38 69
46 52
4 43
50 18
89 79
1 9
44 39
93 1
62 80
94 62
76 52
76 22
53 61
57 67
88 80
80 18
46 21
40 84
25 0
93 89
40 51
68 83
84 17
29 63
66 84
73 21
45 97
17 15
62 47
52 68
63 36
79 65
28 98
67 67
38 34
6 56
8 63
27 41
26 69
42 0
20 27
1 42
39 29
56 75
60 5
63 33
91 95
94 57
92 98
38 56
57 69
94 39
5 19
0 14
25 14
28 44
74 57
63 8
61 65
76 48
96 83
65 14
73 25
79 29
52 24
19 3
43 15
16 59
73 64
97 23
8 69
72 38
57 44
73 47
49 60
72 59
96 96
28 83
56 76
50 9
61 84
81 18
70 76
97 68
77 2
60 63
3 34
3 14
17 6
84 55
49 82
97 18
58 48
47 52
50 57
63 75
4 45
51 88
12 10
2 91
81 52
34 83
76 16
81 84
14 48
36 73
20 64
3 14
61 99
21 54
40 78
0 69
45 67
2 36
13 74
82 55
48 46
78 31
59 60
31 51
16 20
69 22
55 86
76 99
31 53
46 33
44 42
61 15
85 27
11 33
69 14
32 97
77 47
74 26
71 27
44 50
39 47
15 97
68 79
1 41
61 39
63 85
29 40
27 86
60 73
84 23
97 89
70 19
38 73
26 96
25 63
32 86
16 26
97 18
12 97
52 16
68 29
46 52
59 26
25 70
37 82
31 46
61 39
51 63
8 64
70 31
1 66
55 27
1 46
33 33
86 52
2 77
96 25
47 45
81 98
82 94
84 60
67 10
7 84
88 17
77 63
74 92
60 72
8 2
19 96
45 17
44 94
80 24
40 82
15 61
44 36
86 11
30 2
84 29
16 70
47 0
75 0
98 1
47 31
9 9
50 64
94 15
75 74
52 5
83 16
46 93
21 65
32 23
82 81
64 57
94 23
97 73
16 91
91 58
75 28
68 1
49 17
59 58
65 12
25 45
38 49
85 52
4 97
64 42
15 6
90 83
18 31
64 40
14 49
97 22
4 55
95 34
40 37
10 69
59 96
56 32
92 36
39 47
36 61
95 88
23 60
12 64
57 51
54 22
53 39
34 61
3 64
29 60
9 79
53 64
47 20
10 87
36 90
31 59
9 3
70 47
54 68
32 24
43 0
76 32
79 96
38 52
26 43
86 0
26 20
64 36
0 23
48 8
85 43
20 13
80 31
21 70
51 19
23 5
8 47
60 35
30 89
69 79
90 36
87 83
57 24
82 18
8 58
82 87
79 92
98 80
33 10
16 93
73 23
78 38
56 37
27 62
5 86
70 6
64 0
43 65
73 59
51 39
88 56
43 57
62 52
96 35
44 74
92 78
13 93
18 35
32 6
98 59
50 61
54 32
68 2
38 85
81 51
47 23
98 43
14 23
15 53
69 7
45 36
34 78
98 23
5 53
87 84
18 24
50 46
57 60
15 23
63 52
14 62
76 21
1 93
98 97
92 61
29 86
13 59
88 27
86 22
1 29
19 41
75 95
80 95
46 94
83 65
2 22
26 69
48 44
37 47
82 34
86 56
87 12
30 46
6 67
2 49
53 85
67 97
76 75
53 78
92 69
93 93
74 54
85 77
95 97
38 96
71 5
94 82
61 65
84 59
68 2
11 53
94 64
79 62
73 11
56 81
76 6
98 59
94 7
1 30
62 5
79 68
22 16
28 27
89 28
76 6
21 71
6 66
82 87
87 8
79 46
39 53
46 71
87 48
39 95
35 38
63 94
88 24
45 44
68 44
19 85
82 22
60 49
60 78
79 42
39 46
73 42
12 18
46 72
63 45
85 31
41 10
69 71
57 5
99 91
43 18
89 41
94 93
11 2
3 16
16 1
59 40
82 49
18 82
26 23
48 86
45 80
28 43
37 6
